-0.976331297520811,-0.211804679723739,0.0437718531530655,16.2689493140381,0.0058965070472899,0.176242404215215,0.984329135076821,0.01,-0.216199973834342,0.96128944267768,-0.170822067398988,-31.233290323512
-0.704272217385747,-0.706056572171388,-0.074059170344754,19.3472464342576,-0.125622074765994,0.0212681774692956,0.991850169611631,0.01,-0.698727227285477,0.707835984900969,-0.10367487800439,-33.1537344237123
0.470496445163911,0.870332960253332,0.145442887020283,16.5384184915773,-0.0891050937219782,-0.117122620371942,0.989112012903497,0.01,0.877891438254708,-0.478333388019153,0.0224453234594187,-31.4547692263432
-0.989558578201252,-0.113856917722376,0.0883765952901371,16.892203480742,0.0819086980046073,0.0602936796317029,0.994814373331859,0.01,-0.118595048376847,0.99166590870274,-0.0503382560014121,-32.1845975839504
-0.942332998501626,0.318708601316687,-0.102143758407919,23.3494611765399,-0.137978067139405,-0.0919052487329372,0.986161993915711,0.01,0.304910762229555,0.943386587090413,0.130580145406926,-31.8064864048155
0.655711069372632,-0.738354852276681,-0.157718437798756,15.7838802040552,0.0326816927322163,-0.180942368917535,0.982950541019571,0.01,-0.754304249267069,-0.649686055914694,-0.0945152278082869,-26.8387821620158
0.867016514676322,0.496712196667867,0.03948869407698,15.6242483891429,-0.040291796947452,-0.00910252835136462,0.999146493301337,0.01,0.496647696438097,-0.867867580716664,0.012121384563522,-30.6268041027566
-0.475590632931717,0.87813353498878,0.0519138189282801,24.7047229417381,0.148151375484867,0.0217859019303758,0.988724706083054,0.01,0.867101331915452,0.477919312442163,-0.140457861956032,-29.1229156061326
-0.0103834327232735,-0.983213451842831,0.182163367448524,16.470695149335,0.115549479465799,0.179773023285699,0.976898141002378,0.01,-0.993247452611918,0.0311924384110031,0.111743141471464,-29.5549639988994
-0.461328463651186,0.885887022931196,-0.0487876134622168,21.0747795468175,0.0332066422343412,0.0721903713004427,0.996837935274849,0.01,0.886607786756216,0.45824964036386,-0.0627208065129637,-33.3103403074062
0.237071178398191,0.964326517706055,-0.117777857094648,16.7160784571017,-0.141287435881934,0.154168764528171,0.977890511512289,0.01,0.961163418381495,-0.215189124476056,0.17279619171853,-29.8113407929401
-0.963122692494258,-0.268112411131863,-0.0225923482548727,21.9629353371961,0.0104470933651839,-0.121167387692834,0.992577111563587,0.01,-0.268859698435503,0.955737515825738,0.119500056068677,-31.401269450542
-0.769874600359484,-0.621674209063343,-0.144271540876196,14.8852987212648,-0.163736777741341,-0.0260874619817683,0.986159070303687,0.01,-0.616833338379345,0.782841377363778,-0.0817068574293213,-28.5605203516554
-0.981776222171918,-0.139652058321933,-0.128890465839348,14.8519214937042,-0.119725862501527,-0.0721842100821596,0.9901793563103,0.01,-0.147584441680355,0.987566069901788,0.0541487779422198,-26.9712091229371
-0.926967965932357,0.371553419799392,-0.0517537087618363,17.1274401637012,-0.119440501186493,-0.161535173750877,0.979612349002192,0.01,0.355618274012384,0.914250755469554,0.194116458116775,-30.9023435912285
-0.998095456248705,0.0407205918555195,0.0463388995836673,21.1144756040947,0.0522430351631285,0.158508577935722,0.985974490541078,0.01,0.0328043517331637,0.986517543746552,-0.16033405872626,-27.4907713083831
-0.896536212730707,-0.412031121641783,0.162644317641577,21.8775327395578,0.116919113887686,0.13403999223901,0.984054470691681,0.01,-0.4272619103901,0.901256697772161,-0.0719973933599083,-26.7530230030243
-0.968408108266089,-0.238786636089533,-0.0718796095533309,21.4670358914138,-0.0701412713656634,-0.0157807250665308,0.997412237125444,0.01,-0.239303025253971,0.970943824915437,-0.00146661613170347,-26.6043150565651
0.904555644939726,-0.425914007241168,-0.0193995784347515,19.7527590840873,0.0297640515455089,0.0176920573593236,0.999400366390763,0.01,-0.425315396433367,-0.904590653026088,0.0286803768204539,-25.8278300451847
-0.162546377286758,0.984904586795431,-0.0595115966873053,19.7162217741789,-0.136393519814934,0.0373065109248784,0.989952035199234,0.01,0.977228470207169,0.169030113151277,0.128270565074854,-29.1494135639625
0.926849453091253,-0.304433680838036,0.219704859472544,20.8164440152663,-0.181219071200735,0.149737578249645,0.971976494516752,0.01,-0.328800455500883,-0.940690592932308,0.083615003624202,-26.65462922455
-0.100004140349421,0.992190223628705,-0.0745501981794382,22.1397396854361,0.0916117493742104,0.0837893626075572,0.992263387458399,0.01,0.990760545888647,0.0924007729915695,-0.0992755652766094,-26.5222783496844
-0.707514158711842,0.700444402025756,-0.0938155365227801,20.1098461463997,-0.0795021677050945,0.0530196233195572,0.995423691135209,0.01,0.702213016507432,0.711734893913341,0.018174714129791,-26.9831472484547
0.815984092750007,-0.528039868586843,-0.235252752506186,18.9903458679526,0.182006371606911,-0.151586631550437,0.971542677307425,0.01,-0.548674439967304,-0.835580870004802,-0.0275856594734319,-23.7054425227648
0.381136412087829,-0.916377743051592,0.122420861867926,24.0509644565053,0.0775453021150647,0.163635991753974,0.983468346375508,0.01,-0.921260962757405,-0.365342434220777,0.133428423722,-24.9524011973263
0.887368200832239,0.457952331583954,-0.0534540751353542,23.1135959392699,0.049148994587083,0.0213211116853914,0.998563862017637,0.01,0.458434349152455,-0.888721031704167,-0.00358822015015282,-23.1210983111641
0.610802104158918,-0.791696176756901,0.011745350720359,25.1774554339326,0.13751819300322,0.120682013685584,0.983119828996406,0.01,-0.779749662486729,-0.598876460784108,0.182585455528457,-26.0692714353128
0.787645602082947,-0.607737149011235,0.101340827069292,17.2283811000997,0.00943483741379973,0.176357741088493,0.984280920774724,0.01,-0.616056319959764,-0.774308404235586,0.144641300352882,-23.1999472142474
0.997892726802964,-0.0509294864051649,0.0402031492329957,21.8390452053697,-0.0481843437924131,-0.166691131459529,0.984831120398841,0.01,-0.0434554347238518,-0.984692974539398,-0.168793871588138,-23.1303355607803
-0.984111327488307,0.152244923816529,0.09135851510014,25.7320124044345,0.0992280339287636,0.0449040075559973,0.994051018503599,0.01,0.147236858129462,0.987322193246718,-0.059297506951426,-26.0955219862748
0.507166167028207,-0.857583671209089,0.0856313371229079,19.0379623273337,0.116446924248165,0.166632368747548,0.979118873027542,0.01,-0.853945310224875,-0.486604460071136,0.184373280558273,-23.4225735102208
-0.978214957439708,0.167705327686885,0.122353668137354,23.768353096624,0.106072627968593,-0.102852848412175,0.989024716156951,0.01,0.178449137395135,0.980457145743217,0.082823249899987,-23.2278826907417
-0.700809299307548,-0.706137620269072,0.10117305592299,25.4422751671348,0.173161638603347,-0.0308118174479491,0.984411336191207,0.01,-0.692012552574206,0.7074039108927,0.14386915560135,-28.0117601547744
-0.53293696414853,-0.843207671635556,-0.0705621338898774,21.3759031997985,0.0926006790178543,-0.141010520743633,0.985667868647975,0.01,-0.841072711773234,0.518764740064853,0.153231321784632,-23.5780254407555
0.979807413261836,-0.0875266195863521,-0.179767972066594,25.0072955777051,0.173902323082403,-0.0706311963258074,0.982226662299558,0.01,-0.0986682063467936,-0.99365503318273,-0.0539838872899619,-27.9672333080877
-0.881827438173265,0.467279563762082,-0.0634836874724184,21.0250585609766,0.00924668147141792,0.151729109834831,0.98837886263846,0.01,0.471481567154585,0.87099258694839,-0.13811967750617,-23.0298864083781
0.843327345715741,0.496332507643965,0.206041330377903,19.5716446951295,-0.143224757254866,-0.161953771468193,0.976349140838723,0.01,0.517962987941539,-0.85289214896321,-0.0654929412959192,-21.8041765975191
0.911219543713182,0.37015996168545,0.180722289494591,25.076091429116,-0.183901111198445,-0.0270117057501634,0.982573533661702,0.01,0.368590998879677,-0.928575236864247,0.0434592340865497,-27.1949125606249
-0.305282112117951,0.941024664005022,0.145860939785257,21.2036411205054,0.170881861245694,-0.0965508133021568,0.980549504078147,0.01,0.936804259980713,0.324269212514736,-0.131328809851694,-22.303905494968
0.0538219513197882,-0.998182535487844,-0.0271076262920459,21.1104763209941,0.0785856532160034,-0.0228285628887297,0.996645951090481,0.01,-0.995453410594762,-0.0557717003819516,0.0772141487796208,-18.7987759301297
-0.233337735409228,0.970463682913963,-0.061267784186795,17.3197745075016,0.181623332238505,0.10539429067578,0.977703947358059,0.01,0.955283448208266,0.217007565854317,-0.200851313018635,-18.4153856170393
0.868790065378528,0.495009999147429,-0.012997039802833,20.9116186995878,0.0582638990246264,-0.0761235383516251,0.995394657901717,0.01,0.491740928101396,-0.865546248130561,-0.0949765864678594,-18.6310099547315
0.995825766642584,0.032349375718916,-0.0853496360935786,13.4827719975964,0.0808323729410304,0.121745745190108,0.989264424212671,0.01,0.04239304159213,-0.992034017268915,0.118622673236891,-22.7137171445395
0.912804444275196,0.407237282658149,-0.0307545464062942,15.3143733041168,-0.00328580207286838,0.0826263063480208,0.996575183819074,0.01,0.408383704395986,-0.909577203492089,0.0767597607560247,-21.6532209536056
-0.96832482867876,-0.227370113374044,0.103198147795992,29.5322321471915,0.130564514063295,-0.10877305502906,0.985454884896848,0.01,-0.212837811094891,0.967714448607604,0.135014118241078,-27.6497415043222
-0.594547862353008,0.803493020139499,0.0301961248933576,26.4589451433117,0.0769990290548943,0.0195134203831963,0.996840195793464,0.01,0.800364909835553,0.594994279814566,-0.073469844779151,-21.7611914065035
0.86327831502365,-0.494254298937923,0.102289974050784,12.6972351372947,-0.0162970145558135,0.175262112936947,0.984386915336365,0.01,-0.504465021707646,-0.851466898798925,0.143245112039627,-21.8632881081082
-0.64436266697994,-0.76455208819478,-0.0160267850644031,24.8863472023459,0.140023318968412,-0.138562878509634,0.980404915758889,0.01,-0.751791343091665,0.62949220260153,0.196339866854148,-19.9131209773357
-0.452440202410469,0.870416444624432,0.194095533617177,18.7882020328874,0.107537145149148,-0.162808133206587,0.980779931572296,0.01,0.885287312490101,0.464616750332087,-0.0199411548037245,-18.8010975143298
0.535869357856115,0.842630885923279,0.0530775037000144,14.7507283721021,-0.117088091968335,0.0119094841516941,0.99305012104448,0.01,0.836142577572802,-0.53835987431772,0.10504397029111,-19.8600870609021
-0.893346056646244,0.449086128206446,-0.0159521950574036,12.7777217794151,-0.019454552612081,-0.00318547543468534,0.999805667681934,0.01,0.448948040932656,0.893482793454243,0.0115825016266677,-22.0853128631344
0.438221153343349,0.889335692964718,0.130553613436737,23.0325837231096,0.0763250650124464,-0.18153370879066,0.980418276565443,0.01,0.895620849027796,-0.419675514882238,-0.14743051582036,-17.8820489617178
0.486631714932558,0.871815223862288,0.0559266435945061,28.0749157991958,0.101060231741953,-0.119767103887159,0.98764501233325,0.01,0.867742129657227,-0.474967426534106,-0.1463883197168,-23.4233571706595
0.583739202717076,-0.811927492745429,-0.00472120062627436,18.7921598098205,0.16634416191462,0.113898527041701,0.979467582584872,0.01,-0.794718920756361,-0.572538969906723,0.201546433682149,-18.8521483858885
-0.852678860379982,0.522266274287133,0.0132928478262736,28.4279324455779,-0.0543617917395221,-0.114002288177346,0.991992073501194,0.01,0.519599419418425,0.845128047713817,0.125598671599143,-25.2983775172734
0.879380593398518,-0.475648962442047,0.0211621473833518,28.0718167643837,0.0363925568127006,0.11146680479702,0.993101572467277,0.01,-0.474726609495091,-0.872544105450348,0.115331826835215,-21.8819560867457
-0.781354345822285,-0.608772053265954,-0.137411693195976,18.3643761517439,-0.160590165026989,-0.0166419392288794,0.986880866546366,0.01,-0.603072288503819,0.793170620371845,-0.0847595529584033,-18.405616586561
0.237730399039856,-0.959675515407544,0.150023873098971,29.0867397632234,0.0337833604488093,0.16252753645577,0.986125491228375,0.01,-0.970743499555437,-0.229363695952266,0.0710587999475048,-27.765352870926
0.677038075299763,-0.73504444229557,-0.0364569944562934,28.8724972770456,-0.0481375846782406,-0.093661357681506,0.994439703058261,0.01,-0.734371988528796,-0.671518590902479,-0.0987955694179227,-27.2460595363215
-0.979290909634799,0.178043230946687,-0.0963842425955229,20.2378066212448,-0.0754179959888062,0.121000694957675,0.989783288250914,0.01,0.187886774914256,0.976554883114013,-0.105067216954173,-18.9452473037432
-0.728020146270512,-0.684291377696124,0.0416170281856055,20.8441977556832,0.0978368405986213,-0.0436212225948666,0.994246016618125,0.01,-0.678538590830279,0.727902808999986,0.09870603529668,-19.020212249364
0.967187904901993,0.195570163866361,-0.162172339246177,15.2506642993346,0.133165124848011,0.153377138824372,0.979153972983955,0.01,0.216366832336904,-0.968621579509425,0.122301388271597,-21.6203905628494
-0.647398630568853,0.761031794750777,0.0412991587805961,30.2448599279125,-0.117070424413988,-0.152842184794947,0.981291894532221,0.01,0.753106585328466,0.630452118662091,0.188044136333413,-26.3600014262883
-0.994461389555294,0.103347010216701,0.0191295625413434,29.2943273632397,0.0230787842880633,0.0371535050237075,0.999043035499592,0.01,0.102537380498719,0.99395121235588,-0.0393328495883333,-24.4961296146442
-0.326735853106313,0.944310877885524,0.0389954895078956,19.8406361985945,0.135036483455054,0.00580699539396254,0.990823610407315,0.01,0.935419066745479,0.329003411398066,-0.129413773832047,-17.7435410140119
0.195321272449123,-0.977874738631593,-0.0749039122813271,12.0922121846855,-0.0926179657054172,-0.094425271400624,0.991214295977166,0.01,-0.976356242852703,-0.186667789581148,-0.109012033168098,-31.6983903240167
-0.851202909973679,0.492733932901285,-0.180739805853532,11.4783330257371,-0.123481183690356,0.14668905599633,0.981445219115837,0.01,0.510103914243725,0.857726991657915,-0.0640187820463123,-27.5004489034699
-0.991950075931374,-0.0783490135329581,0.0994810481355841,12.4896907332164,0.0943174245224618,0.0670644137149491,0.993280719557427,0.01,-0.0844942027075927,0.994667681435102,-0.0591348731065327,-33.1390260002406
-0.858573228927078,0.510430526256555,-0.048090419370055,28.4207103023119,0.0229717839380516,0.132005691056081,0.990982741863606,0.01,0.512176051482725,0.849726529769586,-0.125062052171321,-30.6862607949296
0.984377177625656,-0.0960173536261167,-0.14758807530551,14.0213081811497,0.147849223934024,-0.00442841219139298,0.988999998052361,0.01,-0.0956147433812094,-0.995369809150398,0.00983686332349361,-34.1477937098214
0.543366785701065,0.835704096833625,0.0796944084135638,11.7186552975843,-0.0150161660961774,-0.0852407537644516,0.99624722265783,0.01,0.839361096878254,-0.542524355612872,-0.0337679228584163,-31.6349058183884
0.759208908281141,-0.650519921414823,0.0206316608398506,28.718500779606,-0.147887293843604,-0.141552359539202,0.978821882585642,0.01,-0.633822673865628,-0.746181453368641,-0.203671443119769,-32.8161989133784
-0.82684436530389,-0.5533832364524,0.100475813899036,24.6943117810253,0.144649332515756,-0.0365956090169235,0.988806013332962,0.01,-0.543511698280684,0.832122439917436,0.110305388888756,-36.3553036854902
-0.875988025097285,0.475945852614087,0.0782337859598303,12.0843404894685,0.148167502022092,0.111174667178084,0.982693535504521,0.01,0.459011297497886,0.872419474081873,-0.167907385221782,-24.6852276045288
-0.0594397829352735,0.996157079911645,-0.0643271664735266,28.8550246870446,0.123004967373582,0.0712591165061687,0.989844389950352,0.01,0.990624394110115,0.050923574665036,-0.12676789553078,-33.0553644424807
-0.981119906704818,0.0932077791932177,-0.169458073178583,25.0254779705589,-0.169958172482806,0.00260434415887366,0.985447835756823,0.01,0.0922927314247129,0.995643273110089,0.0132862499146788,-35.0828522591578
-0.135888506308413,-0.990474345753221,0.022245994201153,23.5500059122862,0.0351483372896128,0.0176203833184384,0.999226759288144,0.01,-0.99010045361016,0.136565341490587,0.0324191188115185,-36.2534482973572
0.824525609399808,0.56073745228179,0.0757035603680692,16.4994378150028,-0.122186940912589,0.0458147272405006,0.991449122364987,0.01,0.552474316972561,-0.826725178264461,0.10629020984689,-35.3506841733246
0.244767523741993,0.953898587125627,0.173684613022988,28.0248296240549,-0.154393264310952,-0.138502267746733,0.978253464989734,0.01,0.957210310880854,-0.266260412582765,0.113374659578912,-31.1138487231208
0.600625918187126,0.799203609140366,0.0228494537983975,19.5200019070825,-0.0988813905743872,0.0458924922434924,0.994040416559486,0.01,0.793392070164523,-0.599305823676605,0.106590584515512,-36.1525076516169
0.759968554832657,-0.628755949561947,0.164662538411194,26.3365761710319,-0.0691908109211075,0.173640658452454,0.982375464583821,0.01,-0.646266529652931,-0.757967596683824,0.08845730624264,-33.6840889746699
0.0723341052149646,0.991174775492191,-0.111087090387475,13.4787925262708,-0.028061338970939,0.113357221062862,0.993157943978733,0.01,0.99698562601369,-0.0687219387161773,0.0360132845097678,-31.5302433853643
0.50239007749947,0.864294161284532,0.0244910759164284,17.8396431942542,0.0443223466329222,-0.0540305691581464,0.997555124885536,0.01,0.863504336769091,-0.500076294545056,-0.0654519672359654,-36.954536726049
-0.838333502319434,-0.516956802202174,-0.173068204895452,20.4850643068722,-0.145079016466487,-0.0944574819773921,0.984900940744605,0.01,-0.525498827658015,0.850784020039982,0.00418728726723046,-37.4694371706909
0.939915661828209,0.292918444628995,0.175377687994143,25.5049021048236,-0.146484500434238,-0.117999089263365,0.982149940724708,0.01,0.308384240489964,-0.948828224563934,-0.0680011800506489,-36.0902844224202
0.074125637143474,-0.994246538808404,-0.0773253515063666,10.9048677101503,0.00696120054724885,-0.0770209090842338,0.997005176140415,0.01,-0.997224614419948,-0.0744419211959721,0.00121192559081493,-27.3024275375953
0.29688079378325,-0.954581504678412,0.0252179540908031,22.6854149899988,0.0578945143236802,0.0443530145183624,0.997336971797576,0.01,-0.953157919493854,-0.294630210652323,0.0684325907526159,-36.2090794938961
0.652866175929441,0.716286892029164,-0.246371355141927,23.6815489731874,0.16779908316137,0.180410950764795,0.969172511235407,0.01,0.738653656335276,-0.674080838736233,-0.00240807624139447,-35.3513452754514
-0.515087735981243,0.856795109947897,-0.0242232081089444,28.7895159506992,-0.0146807490882359,0.0194377239372672,0.999703281226158,0.01,0.857011726785536,0.515290514620161,0.00256626081369715,-29.1479831926859
-0.0366088571913772,0.995918687211547,-0.0824970304797107,12.5310711223042,0.129185291984724,0.0865760305045099,0.987833868257666,0.01,0.990944474685622,0.0255060660414565,-0.131827495937403,-29.8190715657821
-0.543800905950555,-0.829639503785909,0.12640754900411,11.103026063662,0.129802925095791,0.0656622984438569,0.989363261496831,0.01,-0.829115055540504,0.554424707531095,0.0719824169858661,-27.7766353830228
0.479740685810864,-0.874521808455766,-0.0711370572414899,27.086980296958,-0.181196538149669,-0.178074947464282,0.967190326486038,0.01,-0.858496761170534,-0.451110762031733,-0.24389012165082,-34.0174051809751
-0.76008704102081,-0.649318436892368,-0.0255589041995357,20.6678295611819,-0.0489181700796407,0.0179540366713032,0.998641409717855,0.01,-0.647977393670712,0.760304688975977,-0.0454101003396173,-35.9349900667614
0.566216698127045,0.815247371493559,-0.121533427644209,18.950467642797,0.0817762528652365,0.0911571027247425,0.992473187088776,0.01,0.820189792200212,-0.571893439283643,-0.0150532014833451,-36.4864347721659
-0.90093124189069,0.424689688862192,-0.0892276053664592,24.6863376321506,-0.165993748809763,-0.147274669739357,0.975067303835609,0.01,0.400960063773662,0.89327982168372,0.203180184642407,-35.874511383043
-0.888395658787974,-0.441991087379601,-0.124084777969252,11.3407172820604,-0.0921511103902945,-0.0930989908156442,0.991383251201544,0.01,-0.449734728813016,0.89217512663496,0.0419787697935159,-27.2937855536715
0.837857424138972,-0.542530885683226,0.0604580424342495,26.9985254509924,-0.0445852571549111,0.0423708319048522,0.998106641320516,0.01,-0.544065337675208,-0.838966596881822,0.0113118370257565,-35.143769658453
-0.95513827295346,-0.286049625662986,-0.0767234722724898,10.7174989093247,-0.036477062393103,-0.143463168721701,0.988983186479679,0.01,-0.293905262727042,0.947414339599309,0.126592913162443,-26.8258764321136
-0.330240781596536,-0.938741684591618,0.098514343019689,11.9480855063263,-0.0324662786347519,0.11560500301091,0.992764536045914,0.01,-0.943338203891966,0.324652942215128,-0.0686549356488007,-26.2124386904396
0.536291997378884,-0.833746088287289,-0.13137105393888,28.774381984516,0.0359437759247766,-0.132945638702106,0.990471353509206,0.01,-0.84326682522179,-0.535903832245799,-0.0413296995468067,-30.9053267644738
0.185939520863039,-0.982027963970731,-0.0323662256175359,19.9093595794782,-0.143134363498857,-0.059661273175877,0.987903379116,0.01,-0.97207975422133,-0.179057561869179,-0.15165533610943,-36.7824342530627
0.433345782998394,-0.900384655335541,0.0389731291251855,24.8049930256807,0.106770079694141,0.0942311636017721,0.98980838443022,0.01,-0.894880764370101,-0.424768125266663,0.136968818779417,-35.880792667734
-0.629740853589378,0.770813067941253,-0.096299904524952,22.6140564146787,0.0270146952033844,0.145625526769989,0.988970885413737,0.01,0.776335406614686,0.620193856986633,-0.112529623621754,-36.0461153832345
0.752669125115768,-0.656900594582714,0.0443936587176712,13.4392259264124,-0.13277504933393,-0.0853990793856809,0.987460269334645,0.01,-0.644872060467684,-0.749125227233041,-0.15149725922012,-33.1819384947734
-0.370598539710305,-0.928290479251427,0.0305533712664468,23.635440352523,0.0388391580254131,0.0173781437107259,0.999094349861436,0.01,-0.927980733726981,0.371449574306291,0.0296137059350618,-36.4416458699625
0.831560544455118,0.555427589115191,0.0026933538932138,23.3114687085876,-0.0481689149814836,0.0672837522147766,0.996570445235763,0.01,0.553341500824775,-0.828838397962828,0.0827048579431629,-35.4817452564716
-0.157564020686022,-0.985109340926899,0.068798007266383,14.1730024196708,-0.0561925437531134,0.0784994982869696,0.995329205235759,0.01,-0.985908706428647,0.152962136449726,-0.0677244963135659,-32.2742312485975
-0.310763851468583,0.946467114490848,0.0873259973191247,11.0978387110401,-0.169339662544442,-0.145536920222587,0.97475283202536,0.01,0.935280656974016,0.288130189392732,0.20550203563654,-29.5379058022951
-0.154806533719621,-0.982282000130946,0.10562674536529,28.3976463378746,0.138475263301803,0.0842860992967147,0.986772747353128,0.01,-0.978191974292987,0.167385559962896,0.122973719731882,-30.0505552953539
0.936725838818919,0.322940851163466,0.135107029938521,13.7175847856543,-0.141010125670511,-0.00516321773495564,0.989994689703439,0.01,0.320407314753236,-0.94640506540933,0.0407014105429212,-33.0346771127889
0.971965928801212,0.22864846310192,-0.0547915465261516,21.6701477720287,0.0278262953848085,0.119533364942572,0.992440160387851,0.01,0.233469335319983,-0.966142668029228,0.109819918405585,-35.6277970096364
0.791160309551208,0.605313854980716,-0.0875242912523271,35.460140303731,0.0776148129634838,0.0425810249404005,0.996073690609118,0.01,0.60666407953618,-0.794847150893434,-0.0132929047656787,-17.9118322826565
0.303347113276389,-0.952827750572184,-0.0099903256420198,34.4702577616994,0.139815378020201,0.0341365741154702,0.989588982546151,0.01,-0.942566808738749,-0.301585762341678,0.143575203349462,-18.1890078691799
-0.825657170797641,-0.557835234099355,-0.0843213372033056,28.9914036201647,-0.0411963510691586,-0.0894482734917428,0.995139119434028,0.01,-0.562666061682258,0.825117481312004,0.0508728322812226,-15.6929387438655
-0.988625074594322,-0.146280901016849,0.0349622636720017,30.7712220056395,0.0378898595332028,-0.0172744891304494,0.999132599092751,0.01,-0.145550061586816,0.989092255567185,0.0226205558970881,-16.3323565290843
0.122140089918444,-0.992162090198777,0.026385321811741,36.8785896350327,0.187331118579634,0.0491516369330866,0.981066342608134,0.01,-0.974673714863809,-0.114884739453039,0.191866219523891,-17.5087084629574
-0.751990076191929,0.657450119912442,0.0476472993565426,28.2500663094323,0.147084084475173,0.0968945890998544,0.984366654604508,0.01,0.642555209614673,0.74724211500041,-0.169564218415199,-11.2105875973694
0.688673394497139,-0.717882274735455,-0.101852812098822,35.8607471650719,0.0167046995878664,-0.124726651188038,0.992050510556341,0.01,-0.724879237337826,-0.684900213245745,-0.0739039185190166,-17.3835905073367
-0.989629192440948,-0.110081919122661,0.0922823523267019,30.5809987532719,0.0710662785336927,0.183097178707929,0.980522823398093,0.01,-0.124834472498782,0.976912173243567,-0.173375200777049,-15.8760378496352
-0.350019336652115,-0.92157058772932,0.167911035378407,28.3398626852121,0.103509263058062,0.140101837221988,0.984711789138426,0.01,-0.931006066806651,0.362048514759085,0.0463527402636643,-12.5440971693646
0.961566412199703,-0.232319145365639,0.146348384432386,33.6530936470999,-0.183633896254501,-0.14787215816675,0.971808837676165,0.01,-0.204128947177468,-0.961333261432105,-0.184850570430637,-16.8698730875675
-0.972169710193532,0.213115280410205,0.0973032981861547,28.1048671045403,0.119463628067366,0.0936742041834974,0.988409624113186,0.01,0.20153038518101,0.972526102850853,-0.116526748528078,-11.155802708261
0.799394599015474,0.596540515953832,0.0714680900152247,31.4695755003615,0.0294859286727072,-0.157763817976631,0.987036553399997,0.01,0.600082373574826,-0.786924386814243,-0.143705095114374,-17.715038508207
0.951579054115804,0.297046417422857,-0.0791247727599772,28.3053237019597,0.10567393599324,-0.0743850391661228,0.991614786698923,0.01,0.288669920531684,-0.951961286946323,-0.10217330931183,-9.39935304486431
0.495303994127899,-0.867581488353168,0.0444557585454584,30.1054699370123,-0.147190377024995,-0.0333772332940653,0.988544866563412,0.01,-0.856159416412732,-0.496173680644727,-0.144231523334099,-15.7155694163005
-0.38289823093858,-0.913961891293883,-0.13439719493581,29.9379420501463,0.0346857022907634,-0.159605680157064,0.986571299460002,0.01,-0.923139126459659,0.373094744165754,0.0928141426464113,-14.0385045533569
-0.798630906617509,-0.597963015885038,0.0680360685883989,28.7122916671034,0.101836432269872,-0.0228529583477471,0.994538628388712,0.01,-0.593142492203888,0.801197836946921,0.0791454990112186,-10.137029228691
-0.912984328613937,-0.357835214360642,0.19599381385348,29.7863401419581,0.161527573450905,0.124113484572841,0.979032525487407,0.01,-0.374657788815903,0.925499758136468,-0.0555134125137122,-14.5363435787955
-0.623298483748257,-0.78195623092243,-0.00659189492568035,32.4921266700764,-0.110214503415293,0.0795003443599783,0.990723199730159,0.01,-0.774178121231829,0.618242790631829,-0.135735361780648,-18.4757408837407
0.525161473616065,0.841965960526742,-0.123688107527297,29.70739817321,0.160038805717061,0.0450380345860434,0.986082732890746,0.01,0.835818764621889,-0.537647558122333,-0.11109498616514,-9.78008425254266
-0.0878346793672966,-0.994496610470135,-0.0571100767278189,28.6463317020458,-0.11796696711534,-0.0465435352066259,0.991926153501397,0.01,-0.989125302360653,0.0938626181921362,-0.113229612452153,-9.18230382250142
-0.166166015128026,0.98168450756417,-0.093190037155084,35.6748724207044,-0.0358950364001815,0.0884196641490431,0.995436341185914,0.01,0.985444266195863,0.168752749904302,0.0205452578819052,-17.9300921744783
-0.584244072520636,0.809484982540279,0.0582488348919169,35.5036072564743,-0.000306971059384592,-0.0719927272747444,0.997405109766495,0.01,0.811577950349362,0.582710142576314,0.0423098126375105,-14.6354119300249
0.858192931880145,-0.512245183827225,-0.0333131102836988,33.3201636631286,-0.0392518871428782,-0.130190353810633,0.990711744722139,0.01,-0.51182436540935,-0.848914214405952,-0.13183503158433,-13.3747666640028
0.958253633971645,-0.285867610746912,-0.00544812866856204,34.1678272047822,-0.0147630199213876,-0.0684983324193723,0.997541994954882,0.01,-0.285538134446063,-0.955817810872771,-0.0698590451941973,-14.3863300298835
0.998934668561919,-0.0450420400705544,-0.0100370598967884,35.1361616128593,0.0104310011191493,0.00851957627963599,0.999909301404716,0.01,-0.0449524433233773,-0.998948763173717,0.00898033367757089,-10.5790048063592
0.0699656663035094,0.996771211847501,-0.0393948825454485,35.8342361267461,-0.0915512249389088,0.0457411618103468,0.994749274605629,0.01,0.993339407630086,-0.0659916460493552,0.0944559362920368,-10.5365555967456
-0.908527915137265,-0.400834067624894,-0.117936752743226,37.1112195427197,-0.0989875911258431,-0.0677395028664768,0.992780346579497,0.01,-0.405929161578025,0.913642933526377,0.0218656305163534,-11.3057739808125
-0.212875901050737,-0.967411868478333,-0.13710626345684,33.1213612126442,0.162710486187179,-0.173462143901775,0.971306430699258,0.01,-0.963436115389375,0.18445910484511,0.19433396564464,-9.65365944206354
-0.1062153452998,0.993474068307557,-0.0415641194214003,35.8891926192766,0.0696080727588965,0.0491270380841099,0.996364014974384,0.01,0.9919037335496,0.102935949645955,-0.0743718605444895,-9.76273532863664
0.403960999423476,0.905000115837152,-0.133380288197051,36.8237728827279,0.0073707725362002,0.142581620318933,0.989755602792653,0.01,0.914746512787562,-0.400805778254218,0.0509268638443844,-7.13132436086502
-0.994071005565344,0.0486872842054205,0.0972233729666193,30.5784562221587,0.0966215844647034,-0.0145705035878473,0.995214534580724,0.01,0.0498708863951298,0.998707789486944,0.00977987260995374,-6.75282871919804
0.700824987434388,-0.67563353763961,0.228831072636949,36.0387393402758,-0.153116038246397,0.170833182542203,0.973330109764529,0.01,-0.696706405754474,-0.71717176921508,0.0162738324187412,-7.05071005220906
-0.958438905893784,0.228022360331731,0.171466226580839,39.7392756342123,0.159498852404579,-0.0700565675743152,0.984709192310769,0.01,0.236548049560228,0.971132267267673,0.0307756351811061,-13.5957517971718
0.745978985349246,-0.665941377099645,-0.00611847071890975,31.2702982098328,0.130529409833615,0.137195910713956,0.981905980861638,0.01,-0.65305239191492,-0.733279867683544,0.189270201205064,-7.81600872571801
0.3694758299703,-0.929163223137752,0.0119714592269535,40.3650100066169,-0.0756277936504582,-0.0172275966109103,0.996987285145892,0.01,-0.926157679823108,-0.369268079697225,-0.0766357450632661,-12.1713968104444
0.46570951134235,-0.874389456675123,-0.136226756184874,40.3995762036697,0.153755306858762,-0.0716468501160206,0.985508008329319,0.01,-0.871478029934225,-0.479906039682599,0.101075399668399,-11.0164740339306
-0.985985938937299,-0.160105899488354,-0.0468810107288549,32.1191565877982,-0.0415587671850537,-0.0364321271161965,0.998471616513884,0.01,-0.161569171217755,0.986427291320964,0.029267761260356,-6.50447436781688
0.872918077983965,0.475065247590053,-0.111027202346911,39.2074766417401,0.173567346831104,-0.0897197595358733,0.980726639213413,0.01,0.455947809779575,-0.87536470986728,-0.160773814647105,-16.3830198742973
-0.96003219630004,0.25275384738244,0.120223436569975,39.785766868817,0.0850087386107211,-0.145933804316003,0.985635246487093,0.01,0.266667764131953,0.956461613129995,0.118614864926924,-10.1311652576572
0.814725139014312,-0.562558607034195,-0.140537402529918,39.121301365048,0.0688272260293372,-0.146832637087095,0.98676389761845,0.01,-0.575748001138707,-0.813614153230999,-0.0809088922615302,-15.6243306996378
-0.797541370600025,-0.590499368239705,0.12344334040337,40.2844204826089,0.151359012444885,0.00221126804391963,0.988476382947689,0.01,-0.583967645964348,0.807035071358207,0.0876138234795788,-7.79473639008354
-0.979907187114489,0.198637752744714,0.0180263092700459,41.0530047309259,0.00366059828105531,-0.072452321146751,0.997365159397837,0.01,0.199420421876984,0.977391274948256,0.0702694171985784,-13.2820429491718
0.441065771082473,0.897473653244353,0.00142383694967292,41.1515652040148,0.186920166848307,-0.0934138746807061,0.977923667390527,0.01,0.877793732493474,-0.431062512577205,-0.208957587672241,-12.3766237109017
-0.71820516467655,0.693768971771805,-0.053534617198803,31.383897340253,0.0454726342823407,0.123567378906478,0.99129377199779,0.01,0.694343993250718,0.709517946691186,-0.120294232445992,-7.77432414063225
0.692677740743561,-0.718901522667539,0.0581218391371921,41.3426792710131,0.0216524032859219,0.101275956713816,0.994622719438705,0.01,-0.720922132348799,-0.687694540692301,0.0857175465798294,-10.2962101755523
0.196422443757029,0.970958537942664,-0.13659334238813,36.2338058681676,0.00523178978588355,0.13826731248427,0.990381127987611,0.01,0.980505406392108,-0.195247709063695,0.0220789524485522,-6.94881170015024
0.179226150500181,0.976508620543328,0.119619818514544,37.6934631044004,0.185470857686669,-0.152945992231216,0.970674036126124,0.01,0.966166935847972,-0.151784180549143,-0.208525812812628,-7.28486968173986
-0.401507016886393,0.91236957119615,-0.0798365890199641,33.105410740578,-0.032685187560172,0.0728415376352168,0.996807799382154,0.01,0.915272524391039,0.402834799825301,0.000574582077406009,-5.30048310154774
0.258074320369239,0.956740199626358,-0.134334789183115,37.1113989152452,-0.0421353203769014,0.150058611373202,0.987778835534292,0.01,0.9652058122197,-0.249260112275637,0.079038828974408,-7.19455319205876
-0.0748953145212658,-0.991264935681204,-0.108556525145655,37.3915748087119,0.0201219720358196,-0.110342414338075,0.993689920367231,0.01,-0.996988364076608,0.0722383477592287,0.0282103351427516,-5.73550842158041
0.487818561292894,0.860179007770283,-0.14874517084417,38.3535640970932,0.0157941474702765,0.161669762808357,0.986718517460363,0.01,0.872802151786886,-0.483688910752376,0.0652797169981762,-6.37562445072018
-0.654847990831155,-0.747217311035398,-0.113315484349799,40.0542486931645,-0.0644551008391672,-0.0941719743819957,0.993467251204995,0.01,-0.753007070936397,0.657873794378547,0.0135063610850949,-14.7984303075936
-0.304012126348487,0.950817057329606,0.0593595023912833,38.5787326517262,0.0157399259738942,-0.057287071921267,0.998233663087468,0.01,0.952538126146879,0.304409452681346,0.00245017444997916,-7.1565691601696
0.757655128956036,0.650217137201434,0.0563593830358666,38.0029308543304,0.0629913970483219,-0.158803234355629,0.985298744876949,0.01,0.64960818149444,-0.742966491335755,-0.161276170861429,-32.0251834691344
-0.298297551396479,-0.951714174657179,-0.072516898633829,35.7102781702256,0.0751332612451241,-0.0991533288138873,0.992231631444895,0.01,-0.951511200084128,0.290531834988403,0.101082584913198,-26.1617966779785
0.216755722409228,0.965148068472015,-0.146649796207126,37.9372467788845,-0.0220007523422239,0.155012511826736,0.987667498743146,0.01,0.97597793197348,-0.210856176342795,0.0548338326115016,-31.066333508527
0.919988182194913,-0.391445646012535,-0.0198002737235731,36.9107650860262,-0.00433857672887536,-0.0606853941374924,0.998147513992969,0.01,-0.391922085845729,-0.918198011953961,-0.0575281624087431,-25.3572734648904
-0.861531251644451,-0.489150899619859,0.135997425861777,39.383781061418,0.170080094967903,-0.0256747675348265,0.985095714947406,0.01,-0.478368752883856,0.871821199394185,0.10531444607094,-20.5115205955168
-0.953105173862498,-0.274182536610545,0.128118945415365,37.1987498460346,0.103484934831312,0.1025587099814,0.989329358338218,0.01,-0.284396546778432,0.956193310803186,-0.06937547517491,-31.1559345744674
0.998790600511542,0.0474767483057328,-0.012778681469839,39.3116435971509,0.0162661159412977,-0.0738111787280461,0.997139570655463,0.01,0.0463977348798168,-0.996141490083156,-0.0744941738187068,-21.934446347133
0.11333583204309,0.993221104776648,0.0258229781658915,35.305571627066,0.0823538649103419,-0.0352920045505523,0.99597806971295,0.01,0.990137783396548,-0.110753381172131,-0.0857954453890819,-26.3109039877473
0.0390917159408738,-0.997245356151185,0.0630360006638586,40.305075298964,0.129728102806614,0.0676153793829886,0.989241517432973,0.01,-0.990778712471657,-0.03049360762177,0.132013949290273,-32.7943509892816
0.453838342794018,0.865937106945347,-0.210199156575621,36.8209289556179,0.100452560514627,0.184670112752484,0.977653431713938,0.01,0.885403886198855,-0.464811656771974,-0.00317522170211643,-28.8588719033975
-0.972548178392664,0.20198271997923,0.115555274803457,38.4692549043742,0.150106819047431,0.165083403639183,0.974789932610285,0.01,0.17781446392398,0.96537580800054,-0.190870547090778,-31.9295686398628
-0.989179071293812,-0.117257313153638,0.0881787243404021,36.3171782649958,0.0851974492465544,0.0302086912138323,0.995906034531887,0.01,-0.119441029617932,0.992642008725773,-0.0198917811337058,-22.6887760013052
0.89130715917876,0.453018891326786,0.0185858036613163,38.4670560113683,-0.0769391877295612,0.110724656635491,0.99086851388288,0.01,0.446824248881149,-0.884598176865633,0.133544584681652,-31.8967272618723
-0.37958957408973,-0.92396455794036,-0.0469174904747971,36.1330959878946,0.0406839621110873,-0.0673351390350967,0.996900593980196,0.01,-0.924260012371693,0.376504282473918,0.0631502558148383,-27.3584926108605
0.506510419929839,-0.85967916436772,0.0663244212527845,37.7281906945643,-0.0339578031633665,0.0569728794376205,0.997798055025617,0.01,-0.861564891407964,-0.507647343498028,-0.000335458758685167,-31.5870853141075
-0.995700035992256,0.0426708450185645,-0.0822230947509359,36.5457316822432,-0.0813176151912518,0.0225417832831422,0.996433296044458,0.01,0.0443721059295953,0.99883485471414,-0.0189749630712491,-31.1145349022705
0.700757565497631,0.713202205335085,0.0167764329642515,39.7821240916409,-0.0381848530799891,0.014015346282066,0.999172401071934,0.01,0.712376832437084,-0.700818224915537,0.0370548813672713,-22.1071292140462
0.714206336190585,0.692004173202479,0.105069184900118,36.6987035468547,-0.158149757065659,0.0133150756810041,0.987325358278456,0.01,0.681834264088638,-0.721770692831153,0.118950003298625,-31.9517346586667
-0.807986028675276,0.587814172452043,-0.040411336652919,39.6964036457444,-0.173010228387835,-0.171131153622379,0.969938961550191,0.01,0.563228229351783,0.790688704184139,0.239969445423499,-32.7405767238141
0.924736027930658,-0.380342485991085,0.0142433141210341,38.433445439409,0.0461677718955692,0.149237732846348,0.987722955050191,0.01,-0.377798644101892,-0.912725420071668,0.155565073425138,-22.5967273098469
-0.0920993522145875,0.994653781209742,0.04670722478179,39.0905792848466,-0.132719576280511,-0.0587501154924106,0.989410904529332,0.01,0.986865352210511,0.0849251402989227,0.137420875967348,-33.2458598615933
0.400680006599481,0.914473112241496,0.0565195479351364,36.0180965297541,-0.104712825118823,-0.0155779321799249,0.994380486677324,0.01,0.9102146760886,-0.404346701502992,0.0895152971093515,-23.2658867641252
-0.930417100042658,0.357152612931584,0.0822558874753264,37.9505431915829,0.0325095430332371,-0.14312553768669,0.989170465629492,0.01,0.365057734557126,0.923015217392453,0.121555579476964,-22.8446314976738
-0.508128219578621,0.861058611929037,0.0195902856207113,37.5246112192179,-0.0497977141206824,-0.0520789014951399,0.997400609428034,0.01,0.859840624846381,0.505831844432416,0.0693415100923296,-21.7972415673523
-0.413322492736191,0.907556746332149,-0.0741975012068814,36.9183403616657,-0.126563565706865,0.023435152280282,0.991681631106054,0.01,0.901746184263568,0.419275024088729,0.10517734233898,-29.0472422274966
-0.152368518171068,0.968554567727551,-0.196687274637812,39.4401733747067,-0.1868302089878,0.167195572958057,0.968059974068137,0.01,0.970504151294536,0.184248988375308,0.155479910608245,-28.3840621417111
-0.413830720922357,0.910273590366334,0.012088221642016,40.5601058599284,-0.142948226985058,-0.0780898715190063,0.986644706248391,0.01,0.899060586847578,0.40657590022987,0.162437983641635,-29.8589401084392
0.989169961147621,-0.0354515544187239,0.142428842768975,39.1491233183086,-0.143707138450069,-0.0365741187726572,0.988944180525118,0.01,-0.0298503990208819,-0.998701918054281,-0.0412726610844796,-25.9373813853242
