0.770200568010277,0.625213844351878,-0.126090181486876,15.9613683046035,0.125137966457066,0.0457200346095664,0.99108534838645,0.01,0.625405128207019,-0.779113167175376,-0.0430243924572611,-31.1835874795612
-0.900690713926134,0.414223250770221,-0.131054707540714,16.1026625009723,-0.0975565634834939,0.10112008522358,0.990079514627824,0.01,0.423366218265608,0.904540671769781,-0.0506677248921937,-29.4933895416851
0.528755495066249,-0.847194772943019,0.0517556096985895,15.4270308686453,-0.0622727002972392,0.0220911107614,0.997814658953765,0.01,-0.846486702337926,-0.53082294555092,-0.0410763099816608,-26.9010459712869
-0.996556335587787,0.0823258814045574,-0.00989541564585471,23.0963999758381,-0.00893429381324621,0.0120348172244503,0.999887664474581,0.01,0.0824357228020721,0.996532795459004,-0.0112578497397642,-30.952870333441
0.98388086667118,-0.139459363735469,0.111935365568109,16.2695268698098,-0.11253469861964,0.00360578229944742,0.99364125313948,0.01,-0.138976191503993,-0.990221229928195,-0.0121463572538498,-30.4220568755158
0.308816346806415,-0.950978486078769,0.0165040286134061,15.5823589298764,0.161127994381699,0.0694095678040749,0.984489756840457,0.01,-0.937374116013276,-0.301367269146109,0.174664065324683,-30.0377576229204
-0.966832566725735,0.233427298349876,0.103665251186713,23.5232508116306,0.148736662980721,0.18461225543235,0.971491492618201,0.01,0.207634758660215,0.954688436888841,-0.213208338173852,-31.0084599293804
0.0784491454925424,0.983062262753081,-0.165633085832158,16.5711168401522,0.047738130722163,0.162250146349894,0.985594217152572,0.01,0.995774473687011,-0.0852260380413813,-0.0342011694701427,-29.9711856038826
-0.788625424292856,0.606919889368049,0.098580870600687,19.0915721729921,0.0957603196517202,-0.0371391469056196,0.994711337498132,0.01,0.607371304342833,0.793894786263645,-0.0288299671225521,-32.4865160261024
0.885348622682099,-0.456802707372033,0.086539602798323,26.0174616384926,-0.0537333701427772,0.0843535515512003,0.994986031697832,0.01,-0.461812235922794,-0.885559577260773,0.0501367517267544,-29.7367556206991
0.656783327157231,0.754018654862623,0.00956709399132053,14.8128770095911,-0.0523523617700754,0.032937357527939,0.998085347400798,0.01,0.752259856289948,-0.656026675218499,0.0611073646657207,-26.7669292755413
0.983822196111716,-0.0705862158974676,-0.164655618073591,25.0751392470164,0.168265272762119,0.048633474428408,0.984541305962991,0.01,-0.0614872703916027,-0.996319412282174,0.0597239004879325,-31.0453192621495
-0.0826834416342121,0.993496623137996,0.0782809574093286,19.8116992519169,0.0697802940053887,-0.0725855186034189,0.994918113744842,0.01,0.994129850194653,0.0877257220116883,-0.0633248659649954,-32.723932772954
-0.516330969519859,0.855706864865891,-0.0341773512149551,14.9595267134353,0.151661033079505,0.130643938351303,0.9797607322287,0.01,0.842853048259268,0.500697436375951,-0.197232898489606,-26.6744755818252
0.732070810593035,-0.659212446102273,-0.171788472202048,18.7753665784305,0.0839467072088986,-0.162956087949293,0.983055575107046,0.01,-0.676036447705624,-0.734087368304427,-0.0639566811946998,-31.1826594446487
0.907008248097594,0.419233131704447,0.0397444230580273,15.4819540533996,0.0240443878787941,-0.145782052106931,0.989024499542365,0.01,0.420425861828775,-0.896097748331494,-0.142305727715923,-30.2579904976845
-0.932584481431129,-0.340951830194661,-0.118482211663791,19.6467819724657,-0.165283682366171,0.111565428855357,0.979915536884582,0.01,-0.32088547698098,0.933437199050494,-0.160397961618773,-32.2207423759675
0.727608528242577,0.684912921558867,-0.0384723213540416,25.7468877139634,0.112198091590161,-0.0634898216314652,0.991655500056713,0.01,0.676755064903246,-0.725853519954889,-0.123041658380001,-29.7322762330008
0.985188066122565,0.166643126675917,-0.0404294781236942,21.9732864101169,0.0115586595470032,0.170699541606807,0.985255329285106,0.01,0.171087322029297,-0.971129103068639,0.166244980116524,-29.0172900517968
-0.363542675684173,0.915879174363802,0.170299914630258,19.2994030513667,0.0336295864040467,-0.169786342557729,0.984906923926907,0.01,0.930970339954332,0.363782814117916,0.0309239434381319,-27.2020388273203
-0.805040622773233,-0.59048557027882,0.0568892518616771,21.7467065348903,0.125786410721045,-0.0761957351218287,0.989126882066786,0.01,-0.579730432669186,0.803443215941077,0.135615722523083,-29.2375141032632
-0.00206325409183941,0.999352802468514,-0.0359126604539241,21.9975061033884,-0.00350192696133259,0.0359052959655453,0.999349061253966,0.01,0.999991739710939,0.0021876745537049,0.00342557877402816,-26.4500502255836
-0.207618114253671,0.968981215724767,-0.134052684442729,20.4294604725987,0.0583513822072353,0.149062563331988,0.987104588383319,0.01,0.976468040863732,0.197118633785468,-0.0874894815751933,-25.850978323268
-0.895439925100688,0.435865380550689,-0.090601934709346,21.651792376083,-0.133572763879182,-0.0689057501235106,0.988640639640913,0.01,0.424671234351174,0.897370251143484,0.11992070328901,-28.4469955443109
0.365638698967797,0.930728932486465,0.00721082864466107,20.9547922393022,0.0233203421203008,-0.0169057346593552,0.999585092815524,0.01,0.930464670721317,-0.365318833853708,-0.0278863079527881,-26.1702365290465
0.38211657887055,-0.922510940189911,0.0544103426031668,20.4656151658382,0.00721353186599406,0.0618541708515304,0.998059129764508,0.01,-0.924085972791647,-0.380982449435924,0.0302900662184493,-27.4401729251489
0.0547956760990919,-0.99846786192324,-0.00770471201780411,19.6858654711187,0.136281855850815,-0.000165424774902319,0.990670090595503,0.01,-0.989153521778445,-0.0553344498579117,0.13606398866791,-22.1210233732978
-0.164642696475047,-0.973583704425344,0.158200989171529,25.0083362542895,-0.0186871358838523,0.163439882284339,0.986376295250114,0.01,-0.986176238534413,0.159443329607438,-0.0451026739097586,-25.9013661391877
-0.390644880401807,-0.908875609629566,-0.146087999631531,17.8569905874149,-0.138856457276391,-0.0987030990417246,0.985381440109468,0.01,-0.910008495393591,0.405219476901152,-0.0876453869376394,-23.118856464842
0.396948465445931,0.91460696143838,-0.0769806590552149,20.160306387,0.0755987065145544,0.0510066989368489,0.995832893731118,0.01,0.914722226336196,-0.40111397725836,-0.0488960723835037,-22.2063328346552
-0.0266550822078745,0.993152555869374,-0.113743164025893,25.0903097878882,-0.10225406749527,0.110477897690953,0.988604440513222,0.01,0.994401132477817,0.0379820338043788,0.0986090910358611,-27.3893429910226
-0.2122723919295,-0.972468285410547,0.0961554236390219,22.0372852777349,0.089776361153961,0.0785749008041022,0.992857587945814,0.01,-0.973077919080729,0.219388739078141,0.0706253818624805,-22.5127890400817
0.716996174851954,-0.691083745590124,0.0912126188023977,16.9883324063027,0.0504517556375268,0.181954198612153,0.982011858360428,0.01,-0.695248952247149,-0.699496909348807,0.165326852660746,-24.3749760123232
-0.997748094732485,-0.0548914432765519,0.0385443758895337,23.6707229844231,0.0415709187027075,-0.0551063635008468,0.997614728950974,0.01,-0.0526364719173832,0.996970520204449,0.0572641569165294,-22.5571080961759
-0.022066033706045,-0.99875013610433,0.0448470265242462,21.7255062198805,-0.187349488660554,0.048194177531756,0.981110335462157,0.01,-0.982045446634275,0.0132471462443932,-0.188178781644656,-22.7711061554297
0.94823046693308,0.315840612569384,-0.0332218155986347,24.022419735791,-0.0257317290869777,0.180671899248288,0.983206765100918,0.01,0.316538875492518,-0.931451755204645,0.179445724463191,-24.1457227075157
0.989508186152788,0.144306393313347,0.00701529653772786,19.0380104597559,-0.0189400400361831,0.0814280412374761,0.996499246855539,0.01,0.143229970397422,-0.986177032255934,0.0833068822537014,-23.2136736863237
-0.555350633901382,-0.819546609577211,0.141170209873867,21.839934203753,-0.0165307119683338,0.180599416882758,0.983417808555157,0.01,-0.831451988383667,0.54380805929308,-0.113843689595605,-23.7003424979845
-0.597599960320266,-0.800697080268804,-0.0419341516455091,19.118231799754,-0.0490741316940754,-0.0156760515593408,0.998672113862193,0.01,-0.800291207638625,0.598864297697334,-0.0299255061743325,-22.9979704058711
0.973017460374449,0.228445523381091,-0.03239852857147,24.3894266106692,0.0473270650318282,-0.0601745769139476,0.997065278308647,0.01,0.225825531598909,-0.971695252196061,-0.0693625701492032,-24.7451113854916
0.174337532356077,0.980822887580456,-0.0871371792654016,24.7589894583454,0.0376219433679566,0.081792951507208,0.995939005391875,0.01,0.983966978200596,-0.176907818600752,-0.0226408818006607,-23.988640512745
-0.855611761073875,-0.517497125252967,0.0111910529878248,24.6634953195397,0.0200562459771467,-0.0115407470727312,0.99973224323031,0.01,-0.517229408782376,0.855607115744088,0.0202534485635476,-25.7855934045146
0.807750839564932,0.58635194780333,0.0610735170871037,22.0137833082459,-0.115604330377926,0.0559592251025117,0.991717804581423,0.01,0.57807803969708,-0.808121252308815,0.112985935349553,-19.2955862422626
-0.30892231575713,-0.947160837769502,0.086332787647726,26.7280715799307,0.113387164741634,0.0534481427460796,0.992112214877354,0.01,-0.944304163762453,0.316274632926465,0.0908845579189584,-21.3581149934967
0.916898878947896,0.396222986579188,-0.0479978196417212,14.9729818596378,0.0214344499761455,0.0712016237810542,0.997231614583674,0.01,0.39854361133797,-0.915389356327246,0.0567918672388879,-21.0759494047613
-0.715546156396317,0.695863950834203,0.0613763797879189,28.4626355109255,0.186174886193671,0.105280073298064,0.976859773927214,0.01,0.673299791933156,0.710414997093789,-0.204885143646388,-24.6223316885419
0.492465659220339,0.866233660896048,-0.0843612424002112,29.1073929404891,0.011585124245117,0.0903969617918407,0.995838427755743,0.01,0.870254766941786,-0.491393563276356,0.0344819747935513,-24.4553435322892
0.0929689999370713,0.983568387353487,-0.154757851011062,29.630681298326,0.180248719462419,0.136236954149724,0.974140591216773,0.01,0.979217628611158,-0.118459781035031,-0.16462112894241,-26.4004389311725
-0.589399736764144,-0.804663521087689,-0.0715860889637072,26.3778827729872,-0.048706259807907,-0.0530566135107658,0.997402975741648,0.01,-0.806371905858508,0.5913557419976,-0.00792059647919987,-21.4303410662654
-0.17423685971147,0.984649158112819,-0.010370735056012,21.034570440894,0.144152948652917,0.0359238711267097,0.988903131190281,0.01,0.974095192531282,0.170808404099412,-0.148199342024373,-18.0345049899314
-0.888752469248288,0.457522211625364,0.0281509196032081,26.2734814332672,0.0933015598224548,0.120430574942366,0.988327524433954,0.01,0.448791563356273,0.88100505247614,-0.149720506851085,-21.5089790905116
0.411224273836189,-0.901080778902675,-0.137651830718114,27.940933958994,0.0322850551148953,-0.13651854082837,0.990111288303654,0.01,-0.910962277936978,-0.411601892491084,-0.0270482952074767,-22.3103397766597
0.433266354428692,-0.900463867565458,0.0380143305758345,27.4266766716467,-0.0438091094161773,0.0210873087403381,0.998817344333913,0.01,-0.900200548795785,-0.434419323487281,-0.0303120987168507,-23.2921719628515
-0.623881644928556,-0.770376494087291,0.131498100666938,17.3286978364475,0.0937017485153974,0.0933108425358683,0.991217972491623,0.01,-0.775881225089508,0.630724301119768,0.0139707025801939,-19.1240698800571
0.0768995493448799,0.990036682535124,0.117956884264547,28.3796081067183,0.143127555305754,-0.128043470649042,0.981386454225014,0.01,0.986712198274022,-0.0585852955868049,-0.151548015223737,-21.982989582683
0.436008938560982,-0.894678364026999,-0.0971948066354291,16.4025895759827,0.085384904739735,-0.0663881725104677,0.994133808193498,0.01,-0.895882594728524,-0.441750195803797,0.0474461902558549,-18.8146605299793
0.141831872663144,0.977327501365735,0.157209016824976,25.4919099753232,-0.0635861863791859,-0.149491499869077,0.986716316054744,0.01,0.987846403444694,-0.149944144737645,0.0409418692816924,-20.0097976737664
0.998981732591501,-0.0231674393436894,0.038713921304091,15.3549124302683,-0.0358170576850121,0.114537870278448,0.992772992506779,0.01,-0.0274342181822518,-0.993148702877033,0.113591450586718,-20.888257700512
0.795360097829738,-0.571471091898975,0.202047286307101,22.234858131651,-0.174527995200348,0.103304885410159,0.979218096004022,0.01,-0.580467306290042,-0.814093908449257,-0.0175731202179676,-18.8743867827927
0.576160307671519,0.815592103740269,-0.0533743400931903,24.561974815111,-0.00534646861216259,0.0690621688739678,0.997598031325144,0.01,0.817319224744677,-0.574491024426793,0.0441514180498627,-18.4128563783651
0.992598769174926,-0.121424993329761,0.00191165564087821,24.6680962500462,-0.00570643610894688,-0.0309120092679373,0.999505820028054,0.01,-0.121305894413076,-0.992119155483799,-0.031376126318544,-19.3428206338292
-0.781336171494296,-0.620746865994369,-0.0647079243431945,29.760588421126,-0.124899147318768,0.0539381500625083,0.990702215081242,0.01,-0.611485069411904,0.782153440397729,-0.119674581930819,-27.0984298813909
-0.345566064655004,0.936584665627231,-0.0582516872783997,28.8489713204805,-0.0353969281385504,0.0490218639242841,0.998170283236154,0.01,0.937726587250894,0.346995707422031,0.0162119275065074,-22.2838020764328
-0.988581756814806,0.122499293995522,-0.0877498322707882,13.7772465560217,-0.106778980523196,-0.158603162138483,0.981551468990853,0.01,0.106321961096379,0.979713713250086,0.169872542390899,-21.4535046381027
0.468624037304606,-0.868344305264643,0.16238743539694,18.1263101791113,-0.109438488334086,0.125339856544873,0.986059398632994,0.01,-0.876592681312981,-0.479862571863835,-0.0362930185124359,-19.5498846275141
-0.908776759190615,0.417063556174862,0.0135200616041892,29.3929063627329,0.049002680978565,0.0744881284739263,0.996017196625322,0.01,0.414395389950125,0.905819799312882,-0.0881303123837315,-26.1495160207086
0.923593483699319,-0.373220770239973,0.0876432172483222,13.3617639787539,-0.0909652442443837,0.00873902837987692,0.995815722773313,0.01,-0.372425027633368,-0.927701399182117,-0.0258788088564384,-21.5999670656492
-0.786264215048409,0.617038377385753,-0.0324380173171293,29.1782112185545,0.0437009802481408,0.107899259574698,0.993200872990244,0.01,0.616343093138603,0.779500731633004,-0.111802508576284,-22.9961143037677
-0.153187529069313,0.987949511725177,-0.0221211034901817,14.6862891248429,-0.0653177620774984,0.0122135230440602,0.997789767341818,0.01,0.986036090056964,0.154293849964401,0.0626596917350951,-20.8842495782095
0.0349261883743722,-0.999389178386405,-0.00119644882229674,28.9615474179845,0.08746785254717,0.00186419622903014,0.996165598453995,0.01,-0.995554888560357,-0.0348969181528424,0.0874795345610014,-22.1361911563819
-0.959443396059816,-0.230218464170843,-0.162689362012474,29.3717322087663,-0.120908436910486,-0.185272761087346,0.97522056678627,0.01,-0.254655688412944,0.95533944896769,0.149923372444193,-31.4887287471306
-0.228218820401078,-0.96682225514405,-0.11476452837403,28.9930739147017,-0.116819688923963,-0.0898314992529667,0.989082131079959,0.01,-0.966576086138308,0.239133913739012,-0.0924426362963199,-31.8836442718636
0.268707970539888,0.958778939368583,0.0924065581633115,25.0934827826255,0.0167656436507189,-0.10057585199231,0.994788123767568,0.01,0.963075770519284,-0.265758242429611,-0.0431000791114418,-35.0960883136823
0.85968557973029,-0.473877843507595,0.190736712345542,12.9356994603618,-0.182340204354971,0.0641191980931132,0.98114258816529,0.01,-0.477171618895741,-0.878253105812036,-0.0312846328399483,-30.4425958166981
-0.569675151100276,-0.820876670335189,0.0403944837606781,28.6414701976158,-0.0965559074538195,0.115655487337154,0.988585234051457,0.01,-0.816178398975768,0.559272116548124,-0.145146549036253,-29.4157886765892
0.597964718121273,-0.801316031687635,0.0181882721149452,19.1703467961306,-0.0509395452131664,-0.0153466748327392,0.998583818367319,0.01,-0.799902093143668,-0.598044393780227,-0.0499954443166451,-37.1789384284408
-0.915940752834539,-0.341138040064505,0.211370231863066,12.6745718116523,0.165881911560138,0.15776355390617,0.973444324281594,0.01,-0.365425407866028,0.926679825333347,-0.0879134381428907,-31.8094874049576
-0.573558698664744,0.817933718460638,0.0448870960428336,16.6279781133951,0.106899971708186,0.0204086566711109,0.994060301380993,0.01,0.812159353350557,0.574950362151407,-0.0991426539243913,-35.3595146385937
0.0156503377242202,0.999636444109829,0.02195555821597,17.3510015040083,-0.00530079997048493,-0.0218749894902458,0.999746661086935,0.01,0.999863474904845,-0.0157627549070152,0.00495652186019693,-35.94747321842
-0.602265964711474,0.798238595778661,-0.00953162942358862,29.4587590418378,0.155165477448979,0.128766938159193,0.979460438325682,0.01,0.783070483646388,0.588416705954563,-0.201411017065587,-32.3372830679647
-0.957708206970248,0.286949140907925,0.0213349674018468,19.0542208348865,-0.0257984260087261,-0.159478026046271,0.986864327262799,0.01,0.286582329387745,0.94457765680784,0.160136250555909,-36.0771854413914
-0.964740187510747,-0.237366622937452,-0.113725357405456,27.015699380186,-0.134807292853376,0.0745083345555858,0.988066547290868,0.01,-0.226060532590883,0.9685585136671,-0.103879936502215,-33.5867149477189
-0.239286696495439,0.954708890095712,-0.17684120575396,29.9646678439671,-0.150373632515594,0.143495641574812,0.978159890556292,0.01,0.959233885725668,0.260652903343216,0.109226445764693,-30.3939093955765
-0.97415847396097,-0.160906115103747,-0.158507065243963,11.7603199648268,-0.146026410406502,-0.0867068509665428,0.985473596530753,0.01,-0.172312376438333,0.983153672686872,0.0609696712184729,-31.7771275457117
-0.939426411834082,-0.335873681310307,-0.0683146174080093,18.7594363176393,-0.00906849709497659,-0.1748864489806,0.984546846180208,0.01,-0.342630674500955,0.925528821899144,0.161247079741008,-35.9750915321185
-0.256159560568008,0.951176797965081,-0.172177171955227,12.5516710053204,-0.0460970783154862,0.16589714075776,0.985065073007452,0.01,0.965534742461596,0.260270700812241,0.001350332671673,-31.3657069984098
-0.512922200550762,0.851568183758637,-0.108362560841743,11.1960322170761,0.0269488956664667,0.142143844828066,0.989479097505275,0.01,0.858011988963162,0.504605544745113,-0.0958575558209515,-27.932808439165
-0.464924689325667,-0.883564870135537,-0.0561974511682192,16.1957574916685,0.115638478242625,-0.123533933513359,0.985579580561837,0.01,-0.877765786303591,0.451721692564226,0.159608072670993,-35.3970376159621
-0.391478535353248,-0.918243234612083,0.0597822586292445,15.122983612654,0.0204307028790479,0.0562779343452734,0.998206081170465,0.01,-0.919960402809569,0.391997648200812,-0.00327124861313858,-34.4670191302931
-0.758451318762122,0.650995131144553,-0.0309343869194819,15.9929079431517,-0.167613762065082,-0.148972428121413,0.974532114620139,0.01,0.629807291029874,0.744320196478435,0.222104077585071,-34.3769053444011
0.105862744205077,-0.984196647087958,-0.141950833918618,12.9890131084945,0.0368770245804112,-0.138769042958593,0.989637932667525,0.01,-0.993696716532497,-0.11000051171325,0.021603772248312,-33.3326258185657
-0.0408187447693888,-0.982496010211161,-0.181756485426525,18.1516357067729,-0.167725420195509,-0.172589077244211,0.970608671832388,0.01,-0.984988331654589,0.0701042105379045,-0.157744686659062,-36.8371472114719
0.993244905415415,0.0487329556795181,-0.105307439894156,12.2163596335025,0.112295660664872,-0.175101682693202,0.978125291214704,0.01,0.029227426540202,-0.983343530892814,-0.179391353718873,-26.0961217593939
0.500426461507979,-0.864478451224667,0.0474380015473328,20.2563525886984,0.0162654038284818,0.0641699984638064,0.997806418066877,0.01,-0.865626243398905,-0.498557136811174,0.0461734563764048,-36.703535643158
0.953672236152787,-0.299993893295779,-0.0226479574483709,14.1802758725598,0.0178819313272554,-0.0186233999338249,0.999666647191409,0.01,-0.300315671458133,-0.953759316054185,-0.0123961492611474,-33.1291396008137
0.775606859229254,0.631099776585346,-0.0121273208277194,28.1166752603855,0.0172684095425593,-0.00200920503641903,0.99984887114353,0.01,0.630980032923707,-0.775699062194256,-0.012456442612138,-31.3235166607586
-0.271655211423448,-0.943453319988492,-0.18999810290941,12.7445261853301,-0.156497320972268,-0.151489458690353,0.975991563710572,0.01,-0.949585190825439,0.294867388682433,-0.10649501611164,-31.0759713418698
0.974085888656902,-0.221308578834671,-0.0466818428692782,13.7507178161133,0.0554929061438913,0.0337610031535977,0.997888136032175,0.01,-0.219265179376934,-0.974619262892049,0.045167172952931,-34.0973224984205
-0.821509820678519,-0.569615149729471,-0.0256942742146925,12.697289250006,-0.0765692638705851,0.0655512512971418,0.994907121938373,0.01,-0.565029877403898,0.819293362997682,-0.0974660094026862,-31.1279643102447
-0.0147421194066478,0.998187989767088,-0.0583387264185592,26.9950729519284,-0.157159995407175,0.0553066871650401,0.9860232787305,0.01,0.987463116151189,0.0237045868887806,0.15605988210112,-33.7565229452196
-0.650803375561255,-0.758867414862577,-0.0239835989348258,12.2278902960272,0.00401045692412494,-0.0350241814994591,0.999378418290866,0.01,-0.759235722679944,0.650302662896349,0.0258372606245465,-29.2653949487387
-0.987386333450858,-0.084069022295573,0.134166419065049,18.5133317051414,0.116820106836594,0.185148719854451,0.975742288811418,0.01,-0.10687044097017,0.979107936351516,-0.17299236347399,-35.4781209678065
0.936901770264031,0.327102708065695,-0.123364870413799,24.6478216221825,0.185958357874454,-0.167487577368536,0.968177360076063,0.01,0.296031353090786,-0.930027811306365,-0.217746890181999,-36.2577575656496
-0.99945290158612,-0.0197322020866044,-0.0265431292785727,29.0516584676913,-0.0295324831664056,0.171112013461608,0.984808870434837,0.01,-0.0148905993536725,0.985053967582451,-0.171601139276406,-32.0211695148411
0.775222457845761,0.627211550083274,0.0750720473526202,30.0369315590401,0.0204048431478948,-0.143645300781004,0.989418854651378,0.01,0.631358680329722,-0.765487882990757,-0.124155216429441,-29.9436791796747
0.263766055970756,0.964535015361749,-0.00998357945545763,12.5317381400792,-0.0613991180341802,0.0271178005060326,0.997744843735281,0.01,0.962630570895324,-0.262558239323824,0.0663743545423738,-30.3136225410186
0.820001231067241,-0.572003773615712,-0.0202401585367966,24.7324678976876,0.0398022232499414,0.021710567813608,0.998971688422436,0.01,-0.570976150178421,-0.819963617616413,0.0405697142315889,-34.9184238286877
0.338654048442408,-0.930692187395064,0.13829493047599,19.6563633266147,-0.0707215366420402,0.121386308249952,0.990082738171127,0.01,-0.938249380350744,-0.345075957567663,-0.0247120169189964,-35.7970870642362
0.237187389303745,0.948054194237033,0.211979685689085,11.5041158813158,-0.158650430326911,-0.177475138029905,0.9712531165141,0.01,0.958421714754189,-0.263999659414242,0.108314341233303,-31.4899859335002
0.583031598768411,-0.790415373851237,-0.187930017871442,24.1673497644596,0.14898453973352,-0.123375423020137,0.9811126907318,0.01,-0.79867249968804,-0.600018367864028,0.0458279005393656,-35.8479889027635
-0.837383130129977,0.528834117069668,0.138289442825065,23.8287041551822,0.123476582194074,-0.0634474809029365,0.990317096094348,0.01,0.532487583914773,0.846350337502276,-0.0121687791660203,-36.3886118467937
-0.461184343877833,-0.872604160121883,-0.160844585547529,11.9898442644351,-0.0335691570268002,-0.163984716869,0.985891537812301,0.01,-0.886669111144897,0.46007715914983,0.0463345979818515,-25.8983964434984
0.982441037618359,0.186573327290746,3.38677206643788E-05,11.7797337031548,0.0131222128158975,-0.0692788405889991,0.997511027396419,0.01,0.186111297706982,-0.979995324371654,-0.0705106309397324,-26.1572834341232
0.288081283714449,0.952667109517707,0.0971316241839504,11.2764153514179,-0.113483381215868,-0.0667532679503465,0.991294872076802,0.01,0.950857873796736,-0.29659632442282,0.0888815176379467,-29.1854537467408
0.274365365354798,-0.955904055776739,-0.104742935052005,18.1999607604877,0.130179326558102,-0.0709990890114114,0.988945131084849,0.01,-0.95277331471374,-0.284967656952732,0.104959255238701,-36.7600559788619
0.23683735386272,-0.968023743530222,-0.0826928036593209,14.2466716135092,0.17225395621215,-0.0419274512260641,0.984159876952393,0.01,-0.956157226811871,-0.247329983615857,0.156815932927787,-34.3701054116262
-0.501848994169714,-0.860423166603675,-0.0884282840642662,11.4390264481537,0.109763638968626,-0.164759415615002,0.980207263045203,0.01,-0.857962429603542,0.482209818790438,0.177127524825706,-26.4027584058787
0.519391999778623,-0.850069697841591,0.0872551395475861,22.4531024183511,-0.135509777041889,0.0188830426356489,0.990596048360217,0.01,-0.8437233260329,-0.526331587036467,-0.105385053948145,-36.7035959786261
-0.991829759122671,-0.0713199701655571,-0.10576951722613,30.0933930792529,-0.11111677174758,0.0757136378741062,0.990919021957024,0.01,-0.0626641201570797,0.994575742161175,-0.0830198840609063,-30.9169941391393
0.685800203692705,-0.727779611066818,-0.00386242546535488,26.2323525246117,-0.161576026557415,-0.157426414849429,0.974222824383402,0.01,-0.709627556015803,-0.667498136044653,-0.225554805136028,-34.6287313081994
0.978300580403144,0.207026301647188,-0.00825135195942748,18.2490030371079,-0.00281439123654439,0.0530995285397019,0.998585258889209,0.01,0.207171555926093,-0.976893315820693,0.0525299525986137,-36.0667709232711
0.995221077446043,-0.0962082946042614,-0.0167024266643321,35.2756721207296,0.0228895249452955,0.0635691302928974,0.997714906835406,0.01,-0.0949266909510515,-0.993329215176491,0.0654675005016938,-18.4549830954507
0.652597642409132,0.757407033763495,0.021234460850855,34.5537674883227,-0.178295123723645,0.126264331210589,0.97584228619194,0.01,0.736428656407674,-0.640618376156606,0.217441785662417,-17.1223912076406
0.311946179277096,0.931538026823414,-0.186886291140796,27.7673672797422,0.152316102047395,0.145124657556353,0.977618861738172,0.01,0.937810954452714,-0.333430260101107,-0.0966171587110628,-12.1170486685721
-0.74858127247609,0.636097956731941,0.187097482451067,30.7993310827179,0.129188345506342,-0.136844511074644,0.982132349112927,0.01,0.650335644020387,0.759376697845142,0.0202627956214611,-16.0756510041394
0.989230891574467,-0.0904879991316792,0.115039841654668,27.8162783926534,-0.103992642117664,0.118552985738643,0.987487073311768,0.01,-0.102994046139441,-0.988816015032927,0.107866189671409,-12.0215153357999
0.376392602026578,0.92170585081019,0.0937386458293752,28.6966779192696,-0.169204111263445,-0.0310878835949089,0.985090611175001,0.01,0.910877916008073,-0.386641782630709,0.144255169934868,-9.55505630110216
-0.91307882356221,-0.400510523566661,-0.0766706102402324,28.034324254993,-0.0887956434038879,0.0117724867538945,0.995980292108292,0.01,-0.397997984510902,0.916216529575836,-0.0463127979857773,-11.6347328214112
-0.706657786431147,-0.706738288881017,0.0339965278486573,29.3375387708641,0.0919603477932208,-0.0440972765008127,0.994785768212916,0.01,-0.701554037341374,0.706099441463271,0.0961535826439905,-16.1205728422294
-0.17897563462002,-0.962969987708919,-0.201634632402881,35.0861940353238,-0.184368555777548,-0.168486020426996,0.968308161982111,0.01,-0.966424315636182,0.210478653769349,-0.147386493460494,-18.8845200075909
-0.713612347632306,0.693623217362709,0.0982051406094049,31.0005741493788,0.175072881948379,0.0408420420593743,0.983707992041698,0.01,0.678311803902156,0.719179226574172,-0.150580001166084,-17.3332776792297
-0.215887383924479,-0.97595081115255,-0.0302101253377699,37.4239963450848,-0.180491720735922,0.00948131445369027,0.98353080451098,0.01,-0.959591254757999,0.217784569900876,-0.178197937432115,-16.1596095072272
0.974672706809993,0.147134685760689,-0.168417632229479,28.0650894268835,0.163371134227625,0.045823177962128,0.985499928393011,0.01,0.152718653414899,-0.988054462369132,0.0206250404020344,-10.0422627701055
-0.994980849556719,-0.0595628698267709,0.0804075466196402,28.6568785971532,0.0820020074686547,-0.0248231930946844,0.996322979688662,0.01,-0.0573478838886072,0.997915865001947,0.0295828766504489,-12.7787606509745
-0.594501114152131,0.804074035625485,-0.00577672094018073,32.4805669592226,-0.0565923403310873,-0.0346737046028039,0.997795089797984,0.01,0.802100824265706,0.593517210737872,0.066117987493657,-16.9575229720554
0.568857559225008,0.818246396314743,0.0829090600025292,28.3385573172993,-0.0686438363262799,-0.053220099961707,0.996220680720129,0.01,0.819566410394531,-0.572398860828708,0.02589291553727,-11.8192990942069
-0.0259335729886004,-0.999621709013141,0.00915907537324887,28.9234761158628,0.156619708007977,0.00498610536331711,0.987646397156797,0.01,-0.98731844754139,0.0270476916381753,0.156431152656705,-10.2707361097883
-0.79624033940778,0.60262153323428,-0.0533723672151526,34.4234200691199,-0.147521194615864,-0.107843221856595,0.983161907642224,0.01,0.586718688162301,0.790706726404901,0.174768572057889,-18.8599062078429
0.99650533814348,-0.0759950006745184,-0.0346680100961952,32.6068907250313,0.0406447940069119,0.0785662615787295,0.99607998838531,0.01,-0.0729733634395842,-0.994008099772845,0.0813805002091518,-18.4810971259
-0.083527192245703,0.992808730049003,-0.0857556627520029,34.8732381421474,-0.0235214914728142,0.0840681507464556,0.996182355529833,0.01,0.996227859274395,0.0852254162122844,0.0163303654888432,-13.5284214618802
0.508272211283374,-0.858788850892078,-0.0643511369019544,35.8085748472281,-0.0374839909862511,-0.0967130766472038,0.994606219176803,0.01,-0.860380328492494,-0.503118564941602,-0.0813474028734243,-14.2463594483389
-0.329726687243918,-0.943241484151908,-0.0396965274810939,32.8206193213764,-0.128525689685606,0.00319246163161115,0.991701041281882,0.01,-0.935286832372824,0.332092322650851,-0.122283402088643,-11.5646752299506
0.324937079864899,0.945116232694742,-0.0342228114825541,33.2497332030252,-0.0932005203249968,0.0680112838911802,0.993321764724111,0.01,0.94113206147704,-0.319577489758543,0.110184712640213,-12.298556828684
-0.260728811018438,0.963928733272863,0.0534965819084423,37.4216340674156,0.053065865979043,-0.0410199574797593,0.99774815307083,0.01,0.9639525408301,0.26298053209189,-0.0404566282314819,-12.2422151726132
-0.697831380270497,-0.715512249067594,0.0327656244256949,36.6728558619527,-0.105068779928766,0.147508459880615,0.983464186306715,0.01,-0.70851387861781,0.682849526395005,-0.178114031193684,-11.3283581194728
0.982427102135942,-0.186564816406006,0.00552795334357016,34.5752058718461,0.0165163668261077,0.116397859060366,0.993065329186871,0.01,-0.185914492753095,-0.975522991879513,0.11743378431611,-10.7698171958326
0.323093638292904,-0.942415554604489,0.0863911068002217,37.5045982092972,0.0796016390824258,0.118026467692747,0.989814796807647,0.01,-0.943013297864906,-0.312925990233292,0.113151423705,-11.826896557213
-0.749596276624332,-0.659322686436724,-0.0583010910772574,35.2494532344226,-0.16956357699283,0.106141634031441,0.979786786440056,0.01,-0.639807483098107,0.74433026854683,-0.191360486769524,-10.2216399784888
-0.426853672977694,0.88854936458282,0.168154597216127,32.9428491162955,0.0387330347389949,-0.167811361956465,0.98505791647914,0.01,0.903490837742896,0.426988727600369,0.0372146828128081,-9.86524924689186
0.471914756002585,-0.879164500087895,-0.066077566936313,36.3993792271192,-0.127870808861295,-0.142408108490318,0.981513620321882,0.01,-0.87232191266079,-0.454741368715682,-0.179623963519373,-5.72372511993521
-0.805475284404433,0.579871876869241,-0.122303608408507,36.8098889354095,-0.0520363926522209,0.136374400712181,0.989289763754855,0.01,0.590340393377703,0.803212692408765,-0.0796717685263798,-6.3874165979789
0.587657235241687,0.798957092381246,-0.127775343481451,39.5871327253032,0.056442159194411,0.117056566338233,0.991520066838072,0.01,0.807138932609232,-0.589885857442615,0.0236942747435251,-9.93697696875799
0.994951851467735,-0.0501507623447541,-0.0869236118506677,38.6995555119445,0.0913485028098046,0.0939883365437878,0.991373614551113,0.01,-0.0415483368539906,-0.99430935509527,0.0980950665155779,-7.38610032819159
0.141857602176118,0.970088339145466,0.196989936186683,40.2648148601677,-0.0971951977192466,-0.184390677495859,0.978035363160727,0.01,0.985103808867451,-0.157888227257796,0.0681307085551866,-12.1848712482689
0.966437874227265,-0.255151313971121,0.029927282501017,40.8344281923207,-0.0293763519264115,0.00597062873217493,0.999550589785248,0.01,-0.255215331057091,-0.966882701557616,-0.00172517305397858,-14.9707299991741
-0.178297121780759,0.967698952768287,0.178238248352752,32.409860962011,0.178662391643986,-0.146291573328163,0.97297406203106,0.01,0.967620734676944,0.205322946560609,-0.146808042827772,-5.33690227760465
0.945262161621379,0.291314879992205,0.147020700930194,39.6738768002793,-0.139985781943122,-0.0449671635753517,0.989131909834962,0.01,0.294759947517723,-0.955569775000818,-0.00172581697584364,-12.9248339251194
0.715022087136993,0.69021250716557,-0.11113104813002,35.5144996368732,0.16966418627146,-0.0171110883431357,0.985353375471235,0.01,0.67820165054584,-0.723404385947398,-0.129339149482925,-5.53640334218055
-0.474421952016026,-0.867819231804716,-0.147694252952428,39.6927121675357,0.025338392052907,-0.181170267085393,0.983125271881656,0.01,-0.879932825466511,0.462673875677111,0.107940295684437,-11.6987741546527
-0.648792023042568,0.759169276489288,0.0522582096044625,30.9854239039021,-0.0568916429581614,-0.11687209311411,0.991516139461506,0.01,0.758836116561312,0.640314706598137,0.119016069151557,-7.49753476415003
-0.737585237393164,-0.6735996798817,-0.0472386371833617,40.7156879284048,0.0694155998129805,-0.145223649045878,0.986960772402026,0.01,-0.671676627613522,0.724688597275458,0.153873145469425,-14.2286314867465
-0.0408955591247097,0.986883153560592,0.156170402004283,31.2750204693925,0.08897686247897,-0.152083135034716,0.98435452860309,0.01,0.99519378574591,0.054151281206584,-0.0815902417964896,-5.84219164010717
-0.559826289248051,-0.828565004062877,-0.00863480799101916,39.9183616766422,-0.0996644069030931,0.0569865260812696,0.993387911060852,0.01,-0.822594390853361,0.556985251050217,-0.1144809951438,-14.7892050295279
-0.988892544464616,0.0250197974366318,-0.146511246116219,33.5747669598738,-0.148623670957977,-0.1770238254599,0.972920125010536,0.01,-0.00159371681060384,0.983888497216922,0.178776075331558,-6.51506058613622
0.495446623145867,-0.860785369994362,-0.116538364571619,37.3449010927671,-0.0146021513269789,-0.142396514892867,0.989701980256173,0.01,-0.868515642225274,-0.488642793203825,-0.0831191906841182,-6.04726005665577
0.590000921795789,0.807383611809343,0.00553314212903519,38.9611201648138,-0.0375604077545892,0.020600631826499,0.999081993500863,0.01,0.806528442182561,-0.589667124189614,0.042480049441142,-6.80006103581039
0.614200421689891,-0.789148621277863,-0.00151510105578266,38.6749292829537,-0.161436693439681,-0.127526265329032,0.978608831792608,0.01,-0.772461025558716,-0.600817364251798,-0.205724229993209,-8.85013113373884
0.500056727245232,-0.860393832665472,0.0983144050890159,40.3673019407748,-0.158562145516651,0.020640952079083,0.987133221559494,0.01,-0.851352638773114,-0.509211551134191,-0.12610424515284,-7.91796598518602
0.879466613527632,-0.462860859976564,0.11089770057127,38.2197074355154,-0.13506719593666,-0.0192853245668987,0.99064874140038,0.01,-0.456393830230041,-0.886221135246787,-0.079478117553497,-6.64022870089413
0.484593143092965,0.872901754987635,0.0566746134242487,36.5008069440485,0.137270339377535,-0.13987353056249,0.980608101830268,0.01,0.863901811315648,-0.467416218789518,-0.187605273961186,-7.06224055704688
0.302482444657094,0.949073092940426,-0.0881171659256071,39.0684426134976,-0.126168447562839,0.131502312968323,0.983254120013522,0.01,0.944767639959081,-0.286299503912379,0.159520219864676,-6.61974951617863
-0.591507462013777,-0.806202320489767,0.0125196173637842,35.8944684057179,-0.105615719559512,0.0928646242020434,0.990061352317996,0.01,-0.799352389227647,0.58430640935106,-0.140077756361689,-5.38297881921517
0.500660113312617,-0.859696687340893,-0.101296874151639,30.7411699419104,-0.0180579317103898,-0.12736599518053,0.991691390692697,0.01,-0.865455580627995,-0.494671111999446,-0.0792914176509084,-6.96096473231523
-0.791859216701511,-0.61025614743628,-0.0233755308196021,38.5874835327818,-0.0466903134793923,0.0223315293169565,0.998659760591946,0.01,-0.608916246746681,0.791889346635371,-0.0461764781391982,-21.0202222141058
-0.468489368525622,0.882068328438348,-0.0497310320066214,36.8098817812073,-0.0214974311123947,0.044892296134539,0.998760502925169,0.01,0.883207547541365,0.468977766758455,-0.00206936034070684,-30.4660749773464
-0.195959523661077,0.962140060069784,-0.189436981330036,39.5971286819718,-0.0387310090068191,0.185437690357922,0.981892444179113,0.01,0.979846811510778,0.199748261077868,0.000926373861035612,-20.6666248331998
0.382825194551734,-0.923236569676905,-0.0328497614549586,36.2743707600251,0.087214229297315,0.000718367079259211,0.996189320439049,0.01,-0.919694812763725,-0.384231337035334,0.0807943749003451,-30.9086916174981
0.961594071741282,0.256255500920191,0.098335951920775,38.1477261712279,-0.111922313402457,0.0389486984379348,0.992953369827925,0.01,0.250619705838677,-0.965824061171668,0.0661335460050503,-21.9070084405378
0.367317907627742,0.918133463905191,0.148689263880861,36.2629245256833,-0.111166410446581,-0.115380789870013,0.987081203608596,0.01,0.92342816933663,-0.379101854105763,0.0596841711777369,-28.0840454746028
-0.850997340196567,-0.52409421845411,-0.0335972790764856,36.0525773079725,0.0245720900148411,-0.103639645003482,0.994311337748823,0.01,-0.524594833534101,0.845330748385818,0.101075152548992,-26.6010515946965
0.218664483215457,-0.957417816409532,0.188512515769432,36.9554112955924,-0.0409595184716077,0.184011765490078,0.982070256146575,0.01,-0.974940081044313,-0.222465266913349,0.00102146487017916,-24.9543065757831
-0.780726243988364,0.624558761915964,-0.0198213234124389,37.6283633454213,-0.00455398071379659,0.026032759288119,0.999650717352569,0.01,0.624856618119293,0.780543815783487,-0.0174802298232684,-22.6842168709506
0.457153942994238,-0.883479368405031,-0.102344897320127,39.0792700020504,0.133900165068381,-0.0453930453093129,0.989954654129272,0.01,-0.87925025914098,-0.466265672165766,0.0975464236162743,-33.4429251070242
0.999644572010072,-0.00655472103630046,0.025841154829752,36.4308559080374,-0.0265624826740068,-0.162261803615843,0.986390156885969,0.01,-0.00227247992114834,-0.986725971442665,-0.162378240893102,-25.1255718450537
0.897464281391163,0.409727336269796,0.163344340398743,35.895600923088,-0.142461883326446,-0.0812212576363833,0.986462223862144,0.01,0.417447572068787,-0.908584953221889,-0.0145226496430001,-25.087606933715
-0.46374687712929,0.883944441917835,0.0598419380986218,40.0322389467848,0.0187816053178499,-0.057720465553669,0.998156099594624,0.01,0.885768640929738,0.464015701737383,0.0101657900159549,-21.3161969870052
-0.764640467612069,-0.644303071759653,-0.0140892516150492,39.2760356995748,-0.0699293355664236,0.0612173542683512,0.995671795102996,0.01,-0.640651889341814,0.762316198999771,-0.0918649521052841,-21.361333372659
-0.992326221435653,-0.0780550400870572,0.0958961989249224,40.0684712206475,0.0856037108615167,0.125948374577214,0.988336487046844,0.01,-0.0892226144986698,0.988961282183669,-0.118300073557272,-24.8475779923142
-0.311913931750019,-0.948721446026345,0.0513548150607712,39.9047860709288,-0.0892178399105889,0.0830593032133673,0.992542860128165,0.01,-0.945912192659516,0.305006180264255,-0.110550231925019,-27.3496470717589
-0.910136449460668,-0.398680340559738,0.112719250415808,39.2205404905412,0.172631941314343,-0.117602716158989,0.97794059839546,0.01,-0.376629600803191,0.909518327029862,0.175859479686564,-27.8246237480091
-0.0971882622784305,-0.995256622534528,-0.00432400005365777,38.8713208547684,0.111164100219477,-0.0151725140314152,0.993686237018688,0.01,-0.98903841406575,0.0960939650505251,0.112111397204635,-27.5608821418889
