0.865100162142466,0.499217148491798,-0.0488256911143856,16.6802417007177,0.110334012466971,-0.0944316812306371,0.989398333975196,0.01,0.489313922910454,-0.861315793557551,-0.13677349382943,-30.6879734486066
-0.858387844070402,-0.511899544081521,0.0336030641653276,15.891990963739,0.00723015015274345,0.0534243940724483,0.998545722061219,0.01,-0.512950323209701,0.85738246476536,-0.0421577398817861,-27.8347768874271
-0.287995721393007,-0.952252149969903,0.101362257951466,18.5416069119533,0.0532417670741581,0.0897612449307773,0.994539206440499,0.01,-0.956150500025045,0.291819741940423,0.0248487326775902,-32.1552499525919
0.406497776018932,-0.912850919525112,0.0382460038934804,20.9328466913646,0.0320228893864802,0.0560698613606125,0.997913175182261,0.01,-0.913090407707256,-0.404424738819425,0.0520243979670782,-32.3913593262864
0.857513006125515,0.50250012785499,-0.110295357251797,16.0215949172168,0.159207605179466,-0.0553337305575986,0.985693216328284,0.01,0.489207913650834,-0.862804612741667,-0.127451235588754,-27.7507877914517
-0.579933162386387,0.814604464797586,-0.00985358292008335,16.1119966960943,0.0589417473692034,0.054019239037322,0.996798772185687,0.01,0.812529013378347,0.577495876821356,-0.0793417586945448,-29.0517746032268
-0.721339406100849,-0.677171092096664,-0.145288586044069,17.1508753801605,-0.0635047963029102,-0.144224576893606,0.987505145437929,0.01,-0.689664122636954,0.721552897193595,0.0610312583757623,-29.6357293470782
-0.603724326962503,-0.794844902420415,0.0611434226221681,20.5600811873587,-0.0803907248198447,0.137008967421006,0.987302321586033,0.01,-0.793129414658549,0.591143065545482,-0.14661380446901,-31.6137318524221
0.99432166433116,0.0626011813266711,0.0860553306786855,25.0251040638223,-0.0892142305668228,0.0495448954453957,0.994779435050642,0.01,0.0580107654326543,-0.996808103614638,0.0548484791230123,-31.1602935118242
-0.338948231647106,-0.933331709023212,0.118347020220668,15.2413206734362,0.0547490234741363,0.106012169886343,0.992856467101171,0.01,-0.939210647667459,0.34300632759149,0.0151663621304192,-29.0085275498008
0.640789732952965,0.762842295900825,-0.086372158285094,21.8310708245874,0.110205649737413,0.0199387529822136,0.993708790791079,0.01,0.759765248552487,-0.646277090507061,-0.0712929826680429,-32.466784051573
0.932620851603659,-0.304398237025131,0.193804180682609,18.5186974518884,-0.17329765337739,0.093275386393489,0.980442566205199,0.01,-0.316522148495102,-0.947966990769793,0.0342390701232861,-31.6568263593692
-0.779475607488814,-0.62486439598363,0.044297448707088,22.4532662707554,0.091362359169357,-0.0434406868467588,0.994869753311101,0.01,-0.619734375887729,0.779523824753481,0.0909500411476084,-31.981834325885
-0.694018203605967,-0.713315329680283,-0.0975703515759558,16.2032777136356,-0.121759422579104,-0.0172805190411203,0.992409203239708,0.01,-0.709586764304937,0.70063016214318,-0.0748598678763972,-26.6340284944172
-0.791846571772791,-0.574250316753426,0.207883574339746,24.5188622245555,0.176208766246267,0.111089492180586,0.978064208232275,0.01,-0.584747362088661,0.811107698419667,0.0132221062884718,-29.8618726157494
-0.895887490957678,0.414318418015117,-0.160392805446531,14.8093796492472,-0.106874083621061,0.149439291877079,0.982978040595738,0.01,0.431234893991333,0.897779564557318,-0.0896008909975547,-26.9913866276283
-0.688461168057752,-0.724832360899319,0.0252837629650903,16.2255981841774,0.0699613476295715,-0.0316715662624082,0.997046800169551,0.01,-0.721891009719895,0.688196890783157,0.0725148922772763,-27.9744066463533
-0.942831663991982,-0.330689381087235,0.0413882424155823,18.0881759559522,0.0441067848078089,-0.000717651359538818,0.999026564466853,0.01,-0.330337773964812,0.943739380450274,0.0152622697953223,-31.3642286344895
0.938728920773707,-0.344602082863931,0.00611700816346743,23.7033003078799,-0.035853899629719,-0.0799868332856992,0.996150894384113,0.01,-0.342786392939355,-0.935334972609688,-0.0874412821775864,-31.0953208015583
0.632371267646702,-0.754532413753582,-0.17546343337031,23.5240771747992,0.133130112900108,-0.117280635856641,0.984134963047379,0.01,-0.76314019216269,-0.645698140812141,0.0262860810627301,-31.6440590415557
0.502291544090218,0.864415827621423,0.0221016219548256,20.5009708171391,0.0782248401651731,-0.0708800214643631,0.994412840292373,0.01,0.861152761777257,-0.497756265168788,-0.103221225378414,-32.2440691610874
-0.718671164036958,-0.69400964956001,0.0431551190399917,15.0988736242503,0.0848953502093069,-0.0259753312860254,0.996051234464081,0.01,-0.690148199660481,0.719496969056974,0.0775859138196089,-25.9921654387947
-0.60042414563356,-0.799116712017323,-0.0300553807966502,18.8584096001701,0.00597598115859166,-0.0420668988414297,0.999096924062454,0.01,-0.799659385607023,0.599702306645962,0.03003348821085,-27.3883021763888
-0.936003716516654,-0.343850778487586,-0.0752574567766704,19.4413940031339,-0.0543456366892181,-0.0700689879360186,0.996060685250887,0.01,-0.347769455875376,0.936406417675094,0.0468980436376828,-27.8484284145096
-0.886740314811561,-0.448480569265705,-0.112057097405759,20.9570776950647,-0.0503258698571074,-0.14730867695353,0.987809425201707,0.01,-0.459520316102586,0.881569811577795,0.108054367813941,-29.2305648100563
-0.71579245675261,-0.690283291381845,0.105594206730814,19.8751346733146,0.00247417488232856,0.148705380830571,0.988878449644185,0.01,-0.698308697722371,0.708092993434536,-0.104734308295819,-27.2358468425112
-0.977448431627169,-0.16986566369945,-0.125460032701784,21.4023932053396,-0.150340975639425,0.142538475388488,0.9783048472116,0.01,-0.148297520388485,0.975104322280376,-0.164861778823219,-26.3686356631192
0.999757534302382,-0.019158983845208,0.01085384464793,19.6038266666991,-0.00877939213748459,0.105220111473378,0.994410202288385,0.01,-0.0201939317449231,-0.994264382083331,0.105026394973513,-27.6462669484204
0.656921970264278,-0.743289798851068,-0.126387499018051,22.1060458446472,0.120656569577655,-0.0618313185846161,0.990766814270563,0.01,-0.744241571804378,-0.666105969772097,0.049064445702791,-27.8804077208274
0.821206877153922,-0.561643617853239,0.100874731423826,24.2030439919834,-0.182651249636979,-0.0912405267428676,0.97893497602534,0.01,-0.540608717947791,-0.822333030349875,-0.177512256687917,-25.4331169977043
-0.890636333974839,-0.448889782325177,-0.0725595198985931,19.6462556389864,-0.0370990725241861,-0.0873054704838843,0.995490539202374,0.01,-0.453200374472158,0.889311935232876,0.0611040295778674,-23.3445398448811
-0.790712579638153,-0.576158592478412,-0.206917598853439,24.7065206554263,-0.155548431219268,-0.137819424627436,0.978166903826022,0.01,-0.592096530936639,0.805634583734249,0.0193549875778875,-25.8754977606253
-0.576639066457782,-0.812744275784238,-0.0832714189542354,26.6023534648638,0.0270763682502125,-0.12087855182062,0.992297962303727,0.01,-0.816550217265954,0.569943083026457,0.0917094585809973,-27.4514807754432
0.790598730047879,0.612154954955592,-0.014831020531212,26.3298004804971,0.0481404778978765,-0.0379915165992442,0.998117798185291,0.01,0.610439302825796,-0.789824636099563,-0.0595054768550706,-26.7898764855503
0.985507108739998,0.10568625476602,-0.132688184012224,23.0919286030251,0.127376163535474,0.0555483711123285,0.990297779170362,0.01,0.112031475871355,-0.992846812967791,0.0412814049395989,-22.3867438991413
0.304708362143228,0.952343624803822,-0.0139439712962083,24.2471293303912,-0.130466686416099,0.0562368659122426,0.989856483864187,0.01,0.943467677122855,-0.299798324224613,0.141384960361839,-25.4223865331898
-0.992009333936271,-0.121640123928571,0.0334837517903435,26.0372532784148,0.0273250088632481,0.0519512181400516,0.998275720842888,0.01,-0.123169904091619,0.991213776732551,-0.0482122758398158,-27.5696091184172
0.164363978979934,-0.98192384248303,0.0938618664700729,16.5706648695036,0.0477763377912648,0.102969186099069,0.993536495686671,0.01,-0.985242053487943,-0.158817235454648,0.0638371503233342,-23.6045537624387
0.977540170030062,-0.117583902835775,0.174897803792687,17.9765325420092,-0.155823305319748,0.15549632765012,0.975469112584584,0.01,-0.141895431557279,-0.980813396055148,0.133681594177882,-23.9953863939775
-0.475021546454666,0.866019977110065,-0.156089492439752,17.8271961210208,-0.157425395870801,0.0908853743560829,0.983339765016689,0.01,0.865778132744607,0.491680026007196,0.0931610266518359,-23.4532597127762
0.0605488742505337,-0.992327522796573,0.107795738911197,23.9644281776072,-0.078797787181847,0.102904918519588,0.991565170061818,0.01,-0.995050120628221,-0.0685322204871165,-0.0719624359848098,-22.8209282853114
-0.997688660218991,0.0678139886222403,0.00431279695532581,21.1385522957497,0.00882335249815168,0.066355560986053,0.997757028527948,0.01,0.0673757057189649,0.995488926343919,-0.0668005374641744,-21.7451468180686
0.925208041501329,-0.361188765093861,-0.116330373983961,23.1353253744646,0.124563822108394,-0.000489722472022508,0.992211476648829,0.01,-0.358432607561065,-0.932492593076145,0.0445379579134831,-19.149096796995
0.845732396323819,0.53277025379359,0.0298759180793651,29.1564235734967,0.0662686980202337,-0.160421924441465,0.984821438546704,0.01,0.529476320028643,-0.830915556979896,-0.17098000964357,-24.8784972037687
0.393913820147274,0.918590025223027,0.0320041850035103,22.023947324901,0.134654683181641,-0.0921169578104092,0.986601531714302,0.01,0.909230454062243,-0.384326464928599,-0.159978591571666,-19.6733964235564
-0.686627298255629,0.720542354212817,-0.0967557185680878,30.1807023545014,0.0455028186135086,0.175419367288759,0.983441680567911,0.01,0.725584210680195,0.670855246208497,-0.153234434270289,-27.6350502021125
0.988621958823079,-0.141294158784341,0.0516002250600059,14.1339789283019,-0.0518349827074482,0.00202095648328312,0.998653618780111,0.01,-0.141208204791847,-0.989965593557836,-0.00532601832005017,-22.1496437773638
0.850903732461006,-0.515467121421357,-0.101274304823629,25.8134790679952,0.0609646219552913,-0.0945860688221448,0.993648222689811,0.01,-0.521772127421327,-0.851673131147363,-0.0490583808117413,-19.721180778837
-0.0884541017395993,-0.989998731295722,-0.109901701162004,30.512046152184,-0.0822970653961643,-0.102693416317182,0.991302807053569,0.01,-0.992674702464317,0.0967293868375459,-0.0723903364366566,-27.1090134029085
-0.439322077896726,-0.892688587856303,0.100514660540748,15.9942126408435,0.158691267543938,0.0330114004324883,0.986776230483276,0.01,-0.884202009428728,0.449463382882972,0.127159246496643,-19.58944686894
0.888905526123648,0.411289586297433,-0.201712274862307,28.7241947597321,0.136095947633203,0.183343157727723,0.973582651628637,0.01,0.437406971440398,-0.892875222367445,0.106999900082315,-24.7201440966689
0.53698190809835,0.843166733847404,-0.0268382061277658,16.5077718733054,0.0540777067859369,-0.00265654506285097,0.998533196442213,0.01,0.841858676978405,-0.537645609766722,-0.047023040041455,-19.5570954368533
0.913498263174089,0.380817871585458,-0.143173572488236,30.1263404344045,0.127545849662786,0.066109093102515,0.989627022692368,0.01,0.386332731478605,-0.922283761371892,0.0118188027310207,-25.7439751956008
0.418787569992543,-0.903897074142117,0.0871036771730157,20.6968985004428,0.154424291071626,0.165411694609727,0.974059602700658,0.01,-0.894857591769086,-0.394473130445735,0.208856026510069,-19.327166851487
0.808060875634287,-0.564985737023035,0.16681947796851,24.7560471453924,-0.153667343490716,0.071217450901745,0.985552851059528,0.01,-0.568703761912698,-0.82202140583296,-0.0292718215823679,-19.482545032235
0.488624330686866,0.871996155967534,0.0294782536568185,13.7460387449699,0.0406234174651335,-0.0564869515246447,0.997576544562324,0.01,0.871548048827066,-0.486242663991238,-0.0630243627531318,-22.4383791553224
-0.990429998862898,-0.106330404415042,0.0879901269994194,25.8620068293217,0.084361814936151,0.0381609159525492,0.99570418733394,0.01,-0.109231412758047,0.99359830393907,-0.0288254900441426,-20.2195371847946
0.983199550337928,-0.0925596700058592,-0.15732562316324,20.1255943394928,0.153484634762144,-0.0472917782947006,0.987018720489969,0.01,-0.0987983355488685,-0.994583427970792,-0.0322907680094768,-18.1949376936069
-0.97288535426589,-0.212231089896759,0.0919350419381388,25.4623258696237,0.0883242380253026,0.0264526949586979,0.99574047015609,0.01,-0.213759014855943,0.976861412591702,-0.00699029020576962,-18.9598538925817
-0.784399635062812,0.611861695577652,-0.101697974405434,26.1420507731075,-0.0348717163193368,0.120198703619633,0.992137205757905,0.01,0.619274717644981,0.781778445042456,-0.0729471517794106,-19.3181263470252
0.338592812901455,0.928819219980928,-0.150498384195648,28.6273231809954,0.0951250482935334,0.125336584087516,0.987543399490081,0.01,0.936112243397464,-0.348691263560322,-0.045915906590996,-24.3350411602606
-0.340549387935835,-0.9385134103567,-0.0567335258657855,29.1228935094076,0.126301875136252,-0.105456460912911,0.986370504013979,0.01,-0.931704862450333,0.328742320719982,0.154449136786342,-27.9019369703917
0.687522600067757,0.718680391716951,-0.1039767712407,14.6190600701665,0.0994755306102968,0.0486249038966852,0.99385121498685,0.01,0.719317241004183,-0.693638315898573,-0.0380603929501658,-19.8353635921667
0.419758350550435,-0.891352137558807,0.171155759507308,28.9083667729913,-0.0549402648263547,0.163274748065334,0.985049706332128,0.01,-0.905971574854304,-0.422886182694052,0.0195648164434244,-27.2666306486157
-0.479990016606044,-0.872325354287279,0.0930486981429769,14.1974001295012,-0.118411583326632,0.169517125685633,0.978387776412482,0.01,-0.869245811547349,0.458598321373786,-0.184659954349978,-20.7320918320193
0.791001481122482,0.59220388986318,-0.15365939506896,16.0583273320482,0.167079240164312,0.0325177368145271,0.98540708557356,0.01,0.588558564943334,-0.805131759169504,-0.0732233979576482,-19.8615653461312
0.0498026845403134,-0.994045815983621,0.0969154700655943,19.0454433633914,-0.0604073422775873,0.0938602662598424,0.993751077190153,0.01,-0.996930612235143,-0.0553458773811435,-0.0553731726143174,-18.6775294837286
0.383895860136794,0.921317754579697,-0.0616243755835056,29.1582747101641,0.0375807529866972,0.0510933414293767,0.997986551746332,0.01,0.922611324217725,-0.385438796124374,-0.0150092927018246,-27.3006529557071
-0.842942208748445,0.529645806511118,-0.0944656146726459,27.0211406048746,-0.0982007564995063,0.0211654653467999,0.994941523155797,0.01,0.528966014157071,0.847954799928534,0.0341703547675627,-22.2454361695226
-0.85568222704433,-0.51072627787041,0.0834661333301871,26.4190826136511,0.0108973349443861,0.143468251033031,0.989594921691008,0.01,-0.517386871124081,0.847688344875733,-0.117197677239245,-21.6532404364842
0.485002936077767,-0.870952829262889,0.0788246230242469,14.130075584105,0.0672879998091579,0.127034180700376,0.989613380070958,0.01,-0.871919994654113,-0.474661443697245,0.120216624431143,-21.2465452495737
0.0524516819033865,0.998513641759908,-0.0148097361512956,26.8045464533076,-0.0481690989198477,0.0173426426745544,0.998688625475585,0.01,0.99746105637,-0.051669526458327,0.0490071531596802,-20.5501079978357
0.627106115882102,-0.778874770747471,0.00959223208319666,13.3679006472832,-0.179481970342607,-0.13250366689022,0.974796902222499,0.01,-0.757973707819209,-0.613022731840932,-0.222887838387564,-22.6685211597411
-0.122326234465759,-0.974262174770702,-0.189339660854485,14.7240217748485,-0.115486585655048,-0.17550394387825,0.977681550514747,0.01,-0.985748010850221,0.141462293542283,-0.0910454755086134,-22.0639383501317
0.126115000212212,-0.983593391778211,-0.128992427575069,15.4875891435408,-0.0893404815416642,-0.140763677440254,0.986003988567693,0.01,-0.987984455889554,-0.112825647632671,-0.105627118472913,-34.7485606012447
-0.610662760630215,-0.790486232558453,0.0471434928174402,13.0604016441779,-0.0772557763502867,0.118718592450416,0.98991789600305,0.01,-0.788113277264124,0.600863888033002,-0.133566650994421,-31.6176392333048
0.987002624835021,0.0692991928389706,0.144994622109393,13.397690702697,-0.138150844471643,-0.0950417750451661,0.985840456244334,0.01,0.0820984941430147,-0.993058247469972,-0.0842327394266515,-32.4189728561401
0.669276542671042,0.74087875859976,-0.0562812089953287,21.5294086675762,0.0354756897821869,0.0437975779027441,0.998410360325018,0.01,0.742166008966171,-0.670209248836162,0.00302950650981739,-35.666797063576
0.103531750385237,0.993708625030858,0.0427123542016827,14.0855048484634,0.11846408608597,-0.0549571293152213,0.991436318804817,0.01,0.987546169538409,-0.0975852574762761,-0.123408591894179,-34.8609948081141
-0.88803826763023,0.455363812019151,-0.063496723755539,15.9192863907372,-0.0837665936135579,-0.0244495288499235,0.99618541363212,0.01,0.45207432245006,0.889969673214995,0.0598563926319901,-35.0154862704754
0.191682351669447,0.981431999640221,-0.00700757737509795,14.0688822107662,-0.0501714813632012,0.0169290732304311,0.998597130447199,0.01,0.980173810360332,-0.191061865796805,0.052484901847592,-32.2366906910138
0.991206389942145,-0.113257998355856,0.0684289291621951,23.6063489911514,-0.0812135785687382,-0.112413340553771,0.990337112059122,0.01,-0.104471274491695,-0.987185831884741,-0.120622908819651,-35.1515482725746
0.723246371126534,0.6895837287438,-0.0372688570269856,27.402518368248,0.122392044883823,-0.0748804869596301,0.989653020013502,0.01,0.679657909540863,-0.720324367021196,-0.138556603141305,-33.7093550654368
0.937403185888908,-0.344346701191198,-0.0519674558167409,27.2907948208126,0.0298009042371494,-0.0693594703872086,0.997146513795367,0.01,-0.346968547842558,-0.936276996004038,-0.0547559454459595,-33.4711117254611
-0.918179096815801,0.391850672504296,0.0583112049991322,17.1575953541479,0.139165772448982,0.181218090438264,0.973546553317605,0.01,0.370917826410646,0.90200501891943,-0.220922864129002,-35.3216143812022
-0.957375395715878,0.261591829283648,0.122482923421594,11.9671854413042,0.0877502086156901,-0.140597490044996,0.986170495746527,0.01,0.275194935574345,0.954883270690759,0.111649840076688,-26.2585016187856
0.651725974140625,-0.751342406167198,-0.103623565492308,13.049856911271,0.167198775711927,0.00906007797627238,0.985881577263465,0.01,-0.739795798873504,-0.659850364614546,0.131528218596485,-24.2965070148134
-0.960945448834097,0.275460056918661,-0.0265631588370864,13.0579966415281,-0.0146397833292936,0.0452518060833641,0.998868335062367,0.01,0.276350359343185,0.96024685945259,-0.0394518415581677,-32.884078945299
-0.711358637270262,-0.687414628380204,0.14638995139661,24.3987336878282,0.0462517876100179,0.162048784006418,0.98569821129234,0.01,-0.701305683225135,0.707955733284891,-0.0834806467702479,-36.5947079825464
0.917854930272297,0.347839176335015,-0.19118115592656,21.3511216503501,0.153116429617535,0.134087413661048,0.979068906910473,0.01,0.366193508893885,-0.927916199289714,0.0698129009547323,-36.9077337150664
0.1104732670249,0.989982780756606,-0.0879190029417013,12.0396607614941,0.085953486688352,0.0786124426657775,0.993192872499715,0.01,0.990155369322896,-0.117278206259891,-0.0764078983973645,-24.9732594963305
-0.653526958862179,0.756893984247879,0.00374308024543255,11.8610881984502,-0.103531398947515,-0.0942889770587814,0.99014687710318,0.01,0.749789146008611,0.646700151085942,0.139982681475592,-31.5274331530456
0.652605467647493,-0.736160444891107,-0.179370853190603,27.2517187781494,0.110459079600354,-0.141768131448484,0.983717738296636,0.01,-0.749603158564877,-0.661792713984774,-0.0112030525405896,-32.3974722175961
0.380399037179282,-0.924236202947575,0.0329243629266141,14.7273420307726,-0.0597678674175071,0.0109581127744127,0.998152153626283,0.01,-0.922889145313476,-0.381663937156068,-0.0510711712915423,-34.6618294166058
0.38814360258457,-0.920108672360669,-0.052388689803784,16.5823344507018,0.115304959798602,-0.00791507590728297,0.993298604559185,0.01,-0.914357320755138,-0.391583174587556,0.103020907399509,-35.6138510825203
-0.612886604939505,-0.789048640570333,-0.0420981270347787,12.1304085449174,-0.052421703624685,-0.0125573498800639,0.998546082037817,0.01,-0.788430069489243,0.614202373634374,-0.0336670424464087,-23.0712587062644
0.975718197238298,-0.203316809311542,-0.0814633330365219,13.1374517803427,0.106787285878825,0.116852594119182,0.987391486099739,0.01,-0.191234084704268,-0.972115089019295,0.135726852716509,-33.9922568275826
-0.803614935366176,0.569296893273553,0.173505282240909,25.9425454766206,0.142289454293305,-0.0992938093591409,0.984832194142669,0.01,0.577889908938831,0.816113831969555,-0.00121095608436017,-35.8947242584773
-0.952043189849006,-0.280496803813881,0.122210096605501,25.4422180810985,0.100577632360161,0.090318697630458,0.99082121128242,0.01,-0.288960039678418,0.955596188726459,-0.0577755965829165,-34.4598762810687
0.465840565228329,0.884508037725028,-0.0252606212823581,28.6040247952609,0.148105092548727,-0.0497937899465845,0.987717297633229,0.01,0.872386066686581,-0.463860010868123,-0.154196112040936,-32.8618161025236
-0.296703034190887,0.953745539384065,-0.048340000071575,11.2805566739522,-0.146733578691732,0.00448754939803248,0.989165870208186,0.01,0.943629464560237,0.300581616213298,0.138615026632622,-26.0061862226402
-0.402319748360028,0.91066966061143,0.093912668588362,12.461266455841,0.0784864721895076,-0.0678939229105621,0.994600567521988,0.01,0.912128660750647,0.40751832409559,-0.0441601830108548,-23.3653671116816
-0.356452939505747,-0.9336085041624,0.0362830934921219,11.0074495437995,0.0972196573887866,0.0015605487599983,0.995261725831339,0.01,-0.929241432640043,0.358291397668453,0.0902088367171827,-26.0230506135809
-0.980721565955469,0.0736593693402341,0.180995876688538,12.3899797872848,0.169192931808247,-0.143342731058305,0.975103385943704,0.01,0.0977699437249673,0.986928142653327,0.128116663018014,-23.840661898169
0.95674375224356,-0.289560562987936,0.0282147639547645,12.093632392938,-0.0368525798715263,-0.0244207902759158,0.999022278209607,0.01,-0.28858842648264,-0.956848109871368,-0.0340354922964898,-22.9159954985441
0.277396703518333,0.954757430448351,0.107188235738927,23.7466314342032,0.118822577071219,-0.144803262477944,0.982299959459379,0.01,0.953379391457208,-0.259750388218007,-0.15361468603385,-35.9319401991135
-0.80281186794177,-0.595072547189286,0.0371721437840445,12.080133749848,0.0656509647694415,-0.0262594358322851,0.997497064083204,0.01,-0.592606999213381,0.803242868385039,0.0601484735623994,-25.295919553518
-0.544049750566181,0.809021477452692,-0.222472735248925,24.4763829744974,-0.152292478343041,0.165529860516963,0.974375115813909,0.01,0.825116276623489,0.563989462931265,0.0331514065085107,-36.7601299666752
0.870905119059908,0.490916055400074,0.0229281518156015,13.0057226851681,0.0225319565467769,-0.0864905222642923,0.995997841610424,0.01,0.490934399415463,-0.866903002710731,-0.0863863378185268,-24.5802921880657
-0.147534974213752,0.987908193598153,-0.0476532517818282,36.7251361426688,-0.0584700095817622,0.0393845476754642,0.99751196252672,0.01,0.987327042759012,0.149954187757575,0.0519524033198655,-17.6914441123842
0.106883765584669,-0.989164746441093,-0.100642759563564,28.9451188806926,-0.133003104483135,-0.114537212297458,0.984475190747322,0.01,-0.985335493551455,-0.0918386160460552,-0.143804150671862,-9.5327890166665
0.466436217119077,-0.880415676838683,-0.0854721670272173,33.1395417570406,0.124631765084372,-0.0302511100720647,0.991741797783759,0.01,-0.875730654077839,-0.473236839559318,0.0956175464666903,-17.5079396946756
0.189592244243626,-0.980065545628797,-0.0593827179741228,28.9099889218326,-0.0253017405932473,-0.0653362397791548,0.997542479142855,0.01,-0.98153685760934,-0.187623831223141,-0.0371846085300488,-14.1634949065258
0.966827197451656,-0.161073253328281,0.198243732132998,30.5071832833527,-0.182679378216965,0.106430033974342,0.977394952228874,0.01,-0.17853127188826,-0.981187064188304,0.0734746897067033,-16.0239962877746
0.818674661073036,-0.572651234532009,0.0429227551063061,34.6352559999451,-0.0816333032692444,-0.0420670399764445,0.995774255514256,0.01,-0.568425723480475,-0.818719077423133,-0.0811866315911202,-17.4595120574499
0.0772153767642999,-0.98197350642659,-0.172527731879299,30.4010636688534,0.120578723496994,-0.162576661238833,0.979300567068287,0.01,-0.989696194309639,-0.0964202359295078,0.105851693762147,-15.0144879012167
0.714718022260646,0.688335099859768,0.123987656469803,37.4395251419348,0.00718817983113343,-0.1844937277682,0.982807404573708,0.01,0.69937577790952,-0.701538918888494,-0.136808868711855,-18.1796337241317
-0.661195920109732,-0.719506302226276,-0.212439723891073,29.1499276569623,-0.166299460744701,-0.135559742570794,0.976712877743588,0.01,-0.731549345284558,0.681127181406535,-0.0300219613437092,-9.47776511521458
-0.914898453509222,0.376309301077854,-0.146123679425103,36.1273780134334,-0.0857046976908508,0.172656469472325,0.981246374945188,0.01,0.394481336136646,0.910264276719486,-0.125711662021459,-17.7830482376631
-0.722620425751926,0.679764300232141,-0.125460019193414,28.8993918601762,-0.00287371554316946,0.178542789195579,0.983927951724739,0.01,0.691239077342334,0.711366971791754,-0.127065217108177,-9.62946921424677
-0.823753304072822,0.559738114109328,-0.0901317793147479,33.4376085469651,-0.0083617293010947,0.146965001946833,0.989106349027172,0.01,0.566886739580496,0.815533280630595,-0.116382527347085,-18.7080532758962
-0.178510340327285,0.982664623066314,-0.0500429512536499,30.1895602576198,0.183368222887281,0.0831932683365096,0.979517725688846,0.01,0.966700653372799,0.165677755529908,-0.19504032426956,-14.9550750006906
-0.761832392582775,-0.646510503373337,0.0404422383104449,30.8473352088275,-0.088072087489256,0.165230379074028,0.982314730234836,0.01,-0.641759077081805,0.744797348853369,-0.182817384633145,-16.1289369024955
0.124537413569313,-0.984525885681456,-0.123285088492528,29.8634815899349,0.0225887065976968,-0.121406960485188,0.992345756417586,0.01,-0.991957752606284,-0.126369024562559,0.00711945752135882,-15.4755218083274
-0.103431338034304,0.985907316878325,-0.131486580449166,34.9989932852498,0.12273252690829,0.143836153125614,0.981961245616512,0.01,0.987035300863723,0.0854278852588913,-0.135880062073338,-13.6005227941811
0.851366263426919,-0.524238852875589,-0.0186845025133721,32.8502182718975,0.0084916152252442,-0.0218409926129408,0.999725394052061,0.01,-0.524502981849819,-0.851291134793126,-0.0141430496456715,-11.8970467580517
-0.776096179720585,-0.628456094641845,-0.0521311512498333,33.3644276593784,-0.128290960987253,0.0764085670987343,0.98878873385718,0.01,-0.617427039537531,0.774083114388525,-0.13992563334315,-11.9624008546192
-0.504407599849349,0.859637166443633,0.0812213967066599,33.0134300454603,-0.0551170479403979,-0.12592735192515,0.990507149425715,0.01,0.861704754681414,0.495142650259378,0.110899376254171,-13.074137182494
0.0967234249526221,-0.990335162274824,0.0994024417584,35.6149461711296,-0.00489772982360808,0.0993959193827296,0.995035910634705,0.01,-0.995299247115162,-0.0967301275309795,0.00476351968937117,-14.7275387864149
0.954028057976563,0.285718340819674,0.0905289694667937,33.2170408684059,-0.139398614016195,0.15560359945793,0.977934326141638,0.01,0.265327139591545,-0.945596398869512,0.188278940514281,-12.0517593788462
0.998802141183443,0.00824691166325201,0.0482314338931325,33.7418399712999,-0.0489311718871101,0.171404865729225,0.983984813105416,0.01,-0.000152266618718474,-0.985166158803866,0.171603077951743,-9.45624211739327
-0.229205184216689,0.968396085343714,0.0983565219960674,33.9503578389633,0.0676320070962571,-0.0849583003834335,0.994086514752157,0.01,0.971025692319377,0.234501831734696,-0.046021688025832,-9.39465032783987
0.316863546488077,-0.94829107081727,-0.0184807444448196,34.3068765788102,-0.116543463855138,-0.0582643610487172,0.99147510572088,0.01,-0.941283758459501,-0.312008508281138,-0.128978978211701,-10.560787089622
0.997836204792729,0.032919515136496,0.0569140925256697,36.9393360149741,-0.05869812944553,0.0560380787381248,0.996701692248456,0.01,0.0296215800462818,-0.997885784674037,0.0578491377726927,-10.0398190038269
0.918696474937227,0.336903998897898,-0.20613704777288,33.9128083488262,0.150808517451307,0.183151004004289,0.971448660916448,0.01,0.365039145848843,-0.923553682932847,0.117452189162745,-10.299177206964
0.894903565390932,0.416756129079002,0.159567971490788,36.4096872943451,-0.184813091668539,0.0206483035315062,0.982556750884745,0.01,0.406191740189919,-0.908783789708178,0.0955002291365221,-9.5617146289913
0.993225201229536,-0.0151798983083335,-0.115209679844604,35.4787279648099,0.115943681705085,0.0629477835902225,0.991259118098668,0.01,-0.00779501861558914,-0.997901371493409,0.064281338321129,-9.2964620786228
0.538919253494444,0.836654162028179,-0.0978562791747042,29.7670554205098,0.0336366160178665,0.0947027255113862,0.994937169796959,0.01,0.841685580413409,-0.539482350908388,0.0228949073485938,-6.92002038571556
-0.855754980206808,-0.502820290168058,0.121881785540562,31.6408513884278,0.0397096987446595,0.171047669809744,0.984462205713488,0.01,-0.515855167345306,0.847298324350973,-0.126408053047182,-5.74577603656532
0.464932593125066,0.885345321899164,0.00115967291433763,39.7007871845896,-0.101488641648649,0.0519947051108537,0.993477028550106,0.01,0.879509942789912,-0.462017544722818,0.114026527185495,-10.5575990912873
-0.436108443307903,-0.898145399527328,-0.0560737637710752,41.5252530743318,-0.0104280117501334,-0.0572635059093254,0.998304636602431,0.01,-0.899833696994337,0.435953818883227,0.0156072276408696,-11.7497857250828
-0.481933957960654,-0.86787338680826,0.120563031789763,31.9213676406195,0.117659413136862,0.0722504429546332,0.990422200878569,0.01,-0.868271802297338,0.491503466887895,0.0672935314314234,-7.48742807483168
-0.655191189867058,-0.75301501941397,0.0607691143391713,40.9620103946873,-0.0814467662328131,0.150378223270488,0.985267889579392,0.01,-0.751059870443632,0.64058939306157,-0.159857125290692,-14.6978114597074
0.693774418345471,-0.696653002322172,0.182624343407188,29.3908297566828,-0.150947250793888,0.10728737374675,0.982702572965133,0.01,-0.704195984032265,-0.709340548530837,-0.030724620140875,-7.73601984685612
-0.327566182789257,-0.941131415881169,0.0834988259461189,37.5939772498679,-0.00887175478852594,0.091434461637686,0.995771575810436,0.01,-0.944786583234461,0.325440312909344,-0.0383003247195235,-5.72344162838826
0.255170151162474,0.966874392787391,-0.00648864606319796,41.5608282377996,0.090995851486661,-0.0173328383596729,0.995700420672109,0.01,0.962604772982109,-0.254663466728958,-0.0924043816366494,-11.3225481154316
-0.987825863002696,0.0939416678668798,-0.123996078249949,30.9428803247309,-0.137770417786279,-0.158127373867429,0.977760218876174,0.01,0.0722452515115885,0.982939823525418,0.169144692384503,-6.89441642340472
-0.37336328491375,-0.927535056968595,-0.0166905833534739,35.3037521718743,-0.101255773957498,0.0228614240317052,0.994597719448175,0.01,-0.922142681865817,0.373036289636153,-0.102453896440351,-5.20052343039252
-0.646270902166907,-0.75138558256425,-0.133242738364815,33.2672642469319,-0.0110886656062432,-0.165340243579573,0.986174246950365,0.01,-0.763027497871109,0.63881320444057,0.0985227249162594,-6.08122183374566
0.806566311566919,-0.572569205845322,0.147021391514953,38.9750637599056,-0.150420344154685,0.0417330485252005,0.987740893516705,0.01,-0.571685669848145,-0.818793537577362,-0.0524655859762135,-15.3794944491569
-0.748569022603598,-0.660371171449553,-0.0596182381208863,30.6599363721201,0.029522707443095,-0.123020188930471,0.991964940338488,0.01,-0.662399296605547,0.740794134043903,0.111585047486752,-7.48290145881433
-0.230902513741293,0.959560957802833,-0.161018003367518,30.2477769433725,0.0868004468034618,0.185145267416333,0.978870222444249,0.01,0.969097369505599,0.212047160353174,-0.126040827526179,-7.70746844665237
0.981339777599071,-0.0937749810789354,-0.167864510321425,32.3409732318993,0.162540050952104,-0.0618453531839549,0.984761841323088,0.01,-0.10272766296521,-0.993670672412745,-0.0454491149364756,-6.10697660915969
0.64858204954428,-0.759970430053232,0.0422642928918259,36.8562313342175,-0.00822497963215709,0.0485262252157096,0.998788043168502,0.01,-0.761100305294244,-0.648143619046751,0.0252224972988228,-22.2466408786173
-0.111115481572434,0.985594146554991,-0.127505011789594,35.7341973542609,0.177289914363769,0.145900038363825,0.97328385636993,0.01,0.977865857886353,0.0855415517860921,-0.1909476548644,-29.0520547609046
-0.145492877799913,-0.978492570064389,0.146233077100519,36.3910960563708,0.00884582581711561,0.146513368223302,0.98916913836688,0.01,-0.989319753100641,0.14521061690059,-0.0126610767408352,-27.9984973722297
-0.447510918989007,-0.882056173205404,-0.147346139059878,36.7406208897042,0.00518595689164883,-0.16732228358868,0.985888614025838,0.01,-0.894263430559884,0.440431788958185,0.0794528541863654,-22.9814245297815
0.808099191881204,-0.583645681570346,-0.0795827523099731,35.6908337071514,0.0686364151078253,-0.040886687510618,0.996803552012911,0.01,-0.58503396363125,-0.810978419668918,0.00701884814012214,-25.5599663698002
-0.27422798631054,-0.960925777791743,-0.0376916582203584,36.9034090841618,-0.0209307320236324,-0.0332208795096038,0.999228841468041,0.01,-0.961436901715875,0.274805427056931,-0.0110027850581758,-28.6488229545327
0.931529881723297,0.363627873557652,0.00518160482088519,39.5826207300854,-0.0179892170892754,0.0318439702677836,0.999330950999767,0.01,0.363219585822536,-0.930999855601237,0.0362049906142888,-32.9987313040912
0.648435980855083,0.753241939051826,-0.110260418945113,34.9633470744971,0.123189975119717,0.0391040145745264,0.991612376926669,0.01,0.751235654613458,-0.656580122527023,-0.0674354056849173,-25.5065767874747
-0.865543300656933,0.490549697064169,0.10097420164653,36.8201291221421,0.147386280985652,0.056798638683533,0.987446808096981,0.01,0.478656535383275,0.869560181559591,-0.121461976687892,-24.5717787481717
0.936241608459152,0.345454078398104,0.0641336908959468,38.1614205578045,-0.127097578608618,0.16280964754773,0.978437133482376,0.01,0.327563514606933,-0.924204792447811,0.196335543177626,-22.7653417403661
0.707337950493464,-0.706521399288527,0.0223726649974549,38.8886059669787,-0.130055490563815,-0.0989655978754031,0.986555310061919,0.01,-0.694808313972934,-0.700737698989105,-0.16188911034885,-32.8514118419819
0.205694395600212,0.978332154959486,0.0235798683412618,34.8435388868754,-0.0481144996643016,-0.0139557682416048,0.998744327370544,0.01,0.977432765227725,-0.206570644345014,0.0442013388277801,-28.2636415500737
-0.916431341018632,-0.393641730570605,0.0721095357922332,36.320617573586,0.00433566086798338,0.170410730455354,0.985363580101533,0.01,-0.400168463579565,0.903330709595911,-0.154463037187925,-30.753368377324
-0.995531566764327,0.0834252844550132,-0.0442393658336597,35.9543784276725,-0.0514216333960207,-0.0860070968682844,0.994966630047046,0.01,0.0792004747122736,0.992795548540529,0.0899126442913388,-28.5775537848757
0.817179856889849,-0.571007669267664,-0.0785323062885329,36.1659945591078,0.097237984215626,0.00227838036059346,0.995258551035164,0.01,-0.568121339080981,-0.820941563462615,0.0573854812682609,-24.0962190265461
-0.14763918578662,0.983740162134235,-0.102264188376835,38.9071999733346,-0.0295627687553357,0.0989617591553935,0.994652005943983,0.01,0.988599369574846,0.149872824851534,0.014471449382797,-31.3941030286044
0.06831043402208,-0.982955486932166,0.170681561141394,36.0126997041107,0.0625685982952824,0.174965343553482,0.982584499706043,0.01,-0.995700183343901,-0.0564414676028207,0.0734541055609631,-24.258427693934
0.993746935933099,0.111604680940083,0.00337972126649861,37.8692392209764,-0.00915318179061921,0.0512595880110112,0.998643416791023,0.01,0.111280036784164,-0.992429770728994,0.0519605964564641,-22.9898142567121
0.0964222280980953,0.995157432952769,-0.0190902479673369,40.8048890005933,0.093243508433265,0.0100640963085784,0.995592467880582,0.01,0.99096337069725,-0.0977772857280625,-0.0918215679020909,-26.4931350245961
-0.825796128355981,-0.562733236425051,0.0373103070861082,40.3287341688755,0.143159526242409,-0.145173585943324,0.978994371786889,0.01,-0.545496200205209,0.813791087790315,0.200444408739018,-25.2307390505161
0.934507370272822,0.340461057981127,0.103837579440909,39.5084508375713,-0.0454844299204518,-0.175110963728731,0.983497492125326,0.01,0.35302569529793,-0.923808648141144,-0.14815680908769,-28.2753026103371
0.820522775507276,0.559526016305953,0.116931655040997,40.596124532715,-0.0846898516201995,-0.0833091825572023,0.992918530965255,0.01,0.565305230743874,-0.824615193395345,-0.0209709063984855,-25.4412713750563
-0.916759543096239,0.342874382219667,0.204912415825534,40.0993180822817,0.14790014369729,-0.185159971606416,0.971514967671128,0.01,0.371049171453456,0.920952193619296,0.119036000569202,-28.7096726617386
0.689149439075844,0.72219563524647,0.0592158344735351,42.1107468128432,-0.142956253584317,0.0553900416073827,0.98817784474854,0.01,0.710377758789355,-0.689467481264838,0.141414398473897,-29.3727144131166
0.830434313264686,-0.555594122887489,-0.0411584980956619,43.3457831482955,-0.0111209336875133,-0.0903944875350554,0.995843944329227,0.01,-0.557005544125484,-0.826525261099839,-0.0812454095768908,-29.4470989915867
0.992319365885564,0.0171514230987552,-0.122507570272857,42.5848100960396,0.119433183036212,0.125093599404369,0.984930102178778,0.01,0.0322178658248838,-0.991996683499369,0.122084352183001,-26.5674979428576
-0.390758301589873,0.894555613895229,-0.216975121585697,42.8473363392888,-0.148953659654223,0.171158977829656,0.973918585706178,0.01,0.908361578345436,0.412886010851467,0.0663655409753497,-28.4261488021788
-0.43489631458373,-0.896963206122627,-0.0795122784462118,43.8011552956482,0.135637747481467,-0.152544137361506,0.978944680569228,0.01,-0.890206491225291,0.41495456741534,0.188002952002101,-26.8383601353316
-0.882540139130365,-0.469819701801438,-0.0198078424610843,42.6907227769574,-0.106660491659098,0.158977352158445,0.981503816100441,0.01,-0.457980831850848,0.868329228633873,-0.190415094877763,-27.9822401893259
-0.727853517734363,-0.685703512869706,0.00632053477628223,48.3443555762337,-0.0115210944877584,0.0214441528145924,0.999703662437959,0.01,-0.685635851676032,0.727565007919024,-0.0235082570232941,-24.9836122985442
0.911724126474751,0.407246174587264,-0.0539413615687652,42.3657274656169,0.0121586688024386,0.104498644501607,0.994450702684793,0.01,0.410623043650506,-0.907320553377563,0.0903223640181564,-21.66713268403
0.963785904144374,0.26366601915554,0.0399619983894922,44.9675303906344,-0.019247628249329,-0.0806842336688378,0.996553853659725,0.01,0.265981690684504,-0.961233730567099,-0.0726873815780304,-31.714756554127
0.988093038679769,0.0520407016572745,0.1447891994715,47.9859107032658,-0.144329422122359,-0.0125069535339843,0.989450652646773,0.01,0.0533025780089991,-0.998566643486712,-0.0048470293249847,-27.3147837998309
0.991433197391119,0.127260975334143,-0.0294084897236495,47.6258692320426,0.0293004379287773,0.00272139499519217,0.99956694540509,0.01,0.127285896500772,-0.991865534317169,-0.00103072096708615,-25.0849719977283
0.942064214517114,-0.281237279500789,0.182813042054573,46.6778468524352,-0.186948047494722,0.0122987662935822,0.98229281168375,0.01,-0.278505732910767,-0.959559447333333,-0.0409905326775067,-28.4503711550022
-0.865144092537497,-0.488523746873553,0.113447114939498,47.861201843617,0.150674009501445,-0.0374253649992152,0.987874832615668,0.01,-0.478354514986772,0.871747607278219,0.105986165118238,-27.7771897435988
0.686475508779837,-0.708543859533389,-0.163453280673694,47.2386915595023,0.079768878610115,-0.150049312066935,0.98545529069234,0.01,-0.722764347384919,-0.689529406962292,-0.0464854287221524,-25.0216595351213
-0.979967465899966,-0.162315450396458,0.11540130129333,45.1723562864444,0.120579136689528,-0.0223851761542998,0.992451296378693,0.01,-0.15850690071037,0.986484971224162,0.0415086012298304,-23.2094845154447
