0.72673044761338,-0.683483221158673,0.0686552467493931,14.878429996033,-0.0682212392370389,0.0276386510308856,0.997287304384326,0.01,-0.683526677627595,-0.729442795127731,-0.0265422231100623,-27.5493603602234
0.591144795091,0.800119780341895,0.101765260980636,16.4606816548687,-0.1749015952776,0.00399483865984778,0.984577814717269,0.01,0.78737364904229,-0.599826957021539,0.142303754075958,-28.4166859351889
-0.998807042157211,-0.0390558007638964,-0.0293110382595877,16.2592863761458,-0.0222981325401242,-0.169228494992258,0.985324570772432,0.01,-0.0434429030151904,0.984802701514037,0.168155741110039,-27.2223944197333
-0.887180885210517,-0.453873378184513,0.0831205960785983,16.7747356304096,0.0804998134469588,0.0251316866345317,0.99643774434829,0.01,-0.454345525951437,0.890711712566014,0.014240370277137,-31.011004322675
-0.252923317470826,-0.95736212925148,-0.139597811424908,16.0553979903623,0.0605999061962494,-0.15968229583058,0.985306660774848,0.01,-0.965586581746328,0.240747415091725,0.0984034312313095,-28.9692953172577
-0.426566337492767,0.892536578758513,0.146354416728898,23.179140362253,0.165143770552299,-0.0822347201285438,0.982835177358416,0.01,0.889251761182274,0.443413922180427,-0.112318292592054,-31.2131550181648
-0.584143794203741,0.807822291743081,0.0787348249265547,16.578586560346,-0.0728173667216529,-0.148774104028079,0.986186542736397,0.01,0.808377176073757,0.570341486246266,0.145728961670006,-29.5002409953784
-0.374174787815237,0.915216004556115,0.149575710487245,22.9563524170714,0.135126717954181,-0.105763133179831,0.985167462797527,0.01,0.917460624908968,0.388836501198546,-0.0840962369985683,-32.1397846742099
-0.90195150583759,-0.36154643004577,-0.236151773312127,20.5537198068187,-0.181009213412879,-0.179970257144637,0.966874537467475,0.01,-0.392070332691667,0.914819591758097,0.0968812095227642,-31.6301098148335
-0.963526526553738,-0.267345940357041,-0.0119490920951209,16.5309011643816,-0.0270992332541286,0.0530509613383564,0.998224036505891,0.01,-0.266237232903902,0.962139149850834,-0.0583608785059631,-28.2096624641916
-0.701375001272788,0.71182519965058,0.0371213244915714,17.5966804611901,0.0762061715995007,0.0231035124802162,0.996824381283496,0.01,0.708707081240017,0.701976575715663,-0.0704496994086385,-31.5223691194763
0.920814546455102,-0.387057053166343,-0.0478268609765645,16.1601668438822,0.100202832311215,0.11628306434566,0.988148592744631,0.01,-0.376908428445817,-0.914693985188801,0.145859350149158,-30.7999554449192
0.21563520109241,0.974013798243953,0.0692717899308465,20.4031387925338,0.141538105700794,-0.101368731598051,0.984729071820688,0.01,0.966161696966127,-0.202537653498281,-0.159718734752513,-33.5166815524293
0.447723226801,-0.893608741432266,-0.031738453313642,18.1583362117302,0.0378647631725433,-0.0165155355249948,0.999146384068025,0.01,-0.893370120326837,-0.448542812139671,0.02644189450565,-31.7056982724837
0.784690449134918,-0.617830575124361,0.0504606725870928,24.8271965164313,-0.117478998343711,-0.0682906025419142,0.990724522030529,0.01,-0.608653911500286,-0.783340139432395,-0.126169100692037,-31.3947603605042
-0.477225643969329,0.869470920203797,-0.127577441807014,15.9887727198168,0.0719947299847792,0.183370331264862,0.980404039397142,0.01,0.875826720072229,0.458689045576387,-0.150106348552433,-29.9237982925982
0.980548236215445,-0.14498808505128,0.132301215595106,23.8414937437473,-0.133764754458572,-0.00034873643396818,0.991013051804837,0.01,-0.143638946387872,-0.989433339632369,-0.0197362484915346,-32.6763186231501
-0.832917484300139,0.536348885323027,-0.13630237547407,15.1700842158133,-0.116720250933631,0.0704968890074116,0.990659664901255,0.01,0.540948100439514,0.841047003355355,0.00388468503983735,-29.3574787017329
-0.490535633833111,0.865758998024668,-0.0991773627360141,16.1909080144664,0.107674557310079,0.173156654499055,0.978990787857972,0.01,0.864743303904706,0.469550988010906,-0.178159726116639,-28.4275595696175
-0.550109788846285,0.833144759420078,-0.0570002637393484,17.9046135292799,0.105663782633636,0.13715041765952,0.984898435360404,0.01,0.82838057996011,0.535779406833334,-0.163481014060575,-31.2328809614336
-0.0784948138350316,0.994385864219612,0.0709599692870496,23.7384003215286,0.0639293825359018,-0.0660121971010244,0.99576876024631,0.01,0.994862602699278,0.082699110479562,-0.0583888591797026,-31.4830313983138
-0.341109574392272,0.934282574404221,0.103732007705168,15.0165710216019,0.0558925180194086,-0.0899971574829069,0.994372434289309,0.01,0.938360423657868,0.344987800957684,-0.0215205135395987,-27.8905026036213
0.491949536671442,0.866094629041908,-0.0886890461867422,24.1702889242097,-0.0462167494052702,0.127703881333717,0.990734944759048,0.01,0.869396149889775,-0.483292677615815,0.102851943684947,-29.6607048949699
-0.986738588265307,0.0738081570601632,-0.144565951660725,16.5685511792134,-0.154639474905598,-0.156778876113163,0.975452211441245,0.01,0.0493314426011406,0.984871940891848,0.166113421537258,-29.5227869815943
0.183450080435331,-0.977690948712106,0.102305800396133,15.3903300625515,0.149134944409483,0.130547390894937,0.980161286261861,0.01,-0.97165057317137,-0.164553296949491,0.169756814646133,-26.0030450850032
0.714483734623089,0.673745093206592,-0.188628052895329,17.187503537095,0.113251854198014,0.154676999680126,0.981452517084075,0.01,0.690425238878009,-0.722594336505618,0.0342113193292908,-32.0416267754411
0.0888294642833712,-0.990537497102146,0.104617365239928,15.7843513923108,-0.109798947536683,0.0946545333073744,0.989436562112094,0.01,-0.989976523658499,-0.0993779963522027,-0.100351863191749,-29.9226212266204
0.0647022588045024,-0.997785801722718,0.0153984280414225,20.875987139383,0.0900187375628185,0.0212038005243947,0.995714329379124,0.01,-0.993836125622928,-0.0630388191820989,0.0911913520183522,-27.026730440518
-0.950749846201568,0.307456137742986,-0.0393122539656575,21.4089005195572,-0.0854595718689967,-0.13810205919446,0.986724116874731,0.01,0.297945282767931,0.941487410755139,0.157575581439264,-27.6562363651701
-0.317559152145438,-0.942894646100802,-0.100527962493595,21.893016338708,0.116959978956744,-0.144154373009311,0.982618888514123,0.01,-0.940997634540655,0.300281872740822,0.156058478437271,-26.459527036766
0.109628993001625,-0.99313711938113,-0.0407448892598813,20.6593784668018,-0.0626212125450143,-0.0478114582759686,0.996891492689609,0.01,-0.991998017958121,-0.106736716104983,-0.0674329726638427,-28.7794105802052
-0.831641705872377,0.544226605614092,-0.110405954528942,22.4407008733623,-0.163059518462885,-0.0492712137070926,0.985385173898249,0.01,0.530832993032965,0.837490148743013,0.129717324463893,-28.4555532646109
0.404618570289961,0.910554575017526,0.0847005223783182,21.9529211483166,0.0845307155311875,-0.129464669220675,0.987974421508658,0.01,0.910570354617529,-0.39259300215138,-0.12935363911956,-28.5821651801242
0.999409216274841,-0.00567604361521758,-0.033896916582301,22.2674494227331,0.0341833897858942,0.0618388677627741,0.997500601652231,0.01,-0.00356570997908515,-0.998070006043011,0.0619963607774583,-28.6728775263775
0.389036150407877,-0.919363814076942,0.0584897515956187,25.8196566279249,0.173286940508678,0.135390212739482,0.975520951360605,0.01,-0.904777602466463,-0.369377405454442,0.211985429722854,-25.2910652086651
-0.674958023311204,0.736151557810704,-0.0501253498811307,26.2555254272392,-0.164062407113812,-0.0834971245253294,0.982909841627412,0.01,0.719385288520591,0.671646569356887,0.177131850696792,-26.9394303581227
0.262976371731865,0.954300226338703,0.141966566207128,23.6866222079618,-0.103784626340789,-0.118311264823705,0.987537946587936,0.01,0.95920392995757,-0.274433093167924,0.067928625249147,-24.7601862907065
0.306881044160767,-0.948366688772967,-0.0801539042130529,20.9003873335372,0.108648271342411,-0.0487590016065067,0.992883735840528,0.01,-0.945526085239907,-0.313405780719077,0.0880751880086675,-22.5865128353891
0.934815006038146,0.333462024565879,-0.122163753455461,25.4119542262652,0.0822141741230131,0.13144397306748,0.987908554228329,0.01,0.345487675697951,-0.933555333184199,0.0954604935256822,-24.7599009304685
0.461910834248913,0.883364026068469,-0.0794127108942752,24.2056642929204,-0.0678731385892999,0.124480743754788,0.989897864172003,0.01,0.884325516007262,-0.451854558328628,0.117455693161847,-23.095029181651
0.838581865389671,-0.544537734205653,-0.0160969272146458,24.7448257726751,0.0977382459514722,0.121315985980121,0.987790294963461,0.01,-0.535936274493442,-0.82991631359544,0.154955548820446,-25.4037987783607
-0.842857122625165,-0.537919921073974,0.0152980179041974,24.9828020333732,0.0201244200260107,-0.00309927998443593,0.999792679600223,0.01,-0.537760986460198,0.842990244887417,0.0134375766419426,-25.4119590497643
0.603791250758703,-0.77935998652811,-0.167433977752861,26.3308675577389,0.123116636327246,-0.11634868490175,0.98554821159652,0.01,-0.78757756403208,-0.615679295510688,0.0257018620484308,-27.18687473736
-0.575397530979523,-0.816950135210098,0.0388607504157052,20.2058701252091,-0.0569033988228906,0.0873871599839553,0.994547880935021,0.01,-0.815891956416456,0.570049086351466,-0.096769595456355,-23.1130558093023
0.398103637930935,-0.91650294486245,0.0391898650751929,26.6339335896613,0.0367271113869486,0.0586110549972291,0.997605063901183,0.01,-0.916604938212383,-0.395710874617528,0.0569937799597967,-28.037707358064
-0.777828735515336,-0.62773854725198,0.0304429712838096,16.4615420165702,0.0927546555201874,-0.0667534322596488,0.993448817584926,0.01,-0.621593944698583,0.775556764895729,0.110148410512932,-24.1243504046569
0.988875273653516,0.144661317408882,-0.0346236393553655,20.9494337641954,0.0553155644072489,-0.14156373122183,0.988382465615847,0.01,0.138079258004203,-0.979302207312983,-0.147990895871769,-22.9533455261141
-0.848833122310695,0.527555164784271,-0.0341742385097079,23.8074024660122,0.0674098835898568,0.172124225628865,0.982766075190869,0.01,0.52434553308165,0.831900714665581,-0.181667176111195,-22.75972889198
0.26194253486091,-0.96329655494489,0.058701411072877,28.2422449613096,0.0124097777062549,0.0641822074604203,0.997861033241999,0.01,-0.965003681779464,-0.260653777023878,0.0287663462272186,-21.6251778756287
0.399854443673808,0.916011484797575,-0.0322394725957367,17.4438596618358,0.0995478817861979,-0.00843492012337099,0.994997020776642,0.01,0.911156760994611,-0.401063351406551,-0.0945597432967921,-19.6351366676665
-0.989549914892618,0.0987703117833859,0.105049471422873,30.1065993772321,0.106710198295125,0.0116695526708286,0.994221683086965,0.01,0.0969737052804903,0.995041831809435,-0.0220874044083298,-24.9217391012238
0.987566196851429,-0.0996691724086972,0.121569169232047,18.8639817476571,-0.137345018206304,-0.170805521732024,0.975685307729783,0.01,-0.076481061775544,-0.980250748440018,-0.182370823797199,-19.3438820492859
0.958563505203063,-0.278339681079475,0.0606879595092313,29.3558788224273,-0.0381822014865043,0.0855818402596796,0.995599250756754,0.01,-0.282308565195004,-0.956662307480724,0.0714080069963813,-27.0039073919349
0.943063370828916,0.316847390114951,0.101188981505629,20.4908336423903,-0.0736853262515189,-0.0976466295977499,0.992489601166384,0.01,0.324348502842251,-0.943436731903917,-0.0687399563459742,-19.0530083717963
0.259505557512139,0.947798234755968,0.185298062088585,19.9254073869777,-0.149013721174682,-0.150275744981821,0.977349533878148,0.01,0.954175967273326,-0.281239589431555,0.102237550901722,-18.8226504599821
0.989354661078637,-0.0916130108445553,-0.113068169021925,18.574565517244,0.098440135998655,-0.150911475652479,0.983633705268866,0.01,-0.107176929544289,-0.98429303703744,-0.140286574600251,-19.2222934133248
0.09960847990857,-0.983921942185014,-0.148242242350734,19.6610193650071,0.0510526101240273,-0.143733298504639,0.988298725032316,0.01,-0.993716147463564,-0.10601108709869,0.0359147279305555,-18.054729379792
-0.502464761514431,0.857864514525176,0.107692330993112,28.4227478139055,0.182178529826886,-0.0167119200557899,0.983123438332218,0.01,0.845186456769369,0.513604114514801,-0.147887345121571,-23.4857105452861
0.924329413159282,0.373804418883877,-0.0767163111176744,18.8702197513359,0.0378874336807753,0.110147503656944,0.993192866369482,0.01,0.379709992412238,-0.920943963474994,0.0876500872861396,-18.5802790023116
-0.682343299450297,-0.73036756924241,0.0311582331690409,19.3860185502579,0.112770471005986,-0.0630519431510835,0.991618511996403,0.01,-0.722281415076126,0.680137975901806,0.125386965717427,-18.560637363451
0.803427541315428,-0.571257307144019,0.167837048622794,24.2601973045337,-0.101019104829621,0.147015666978576,0.983962160919954,0.01,-0.586770250025739,-0.807497048104455,0.0604085340603763,-19.5653989828574
0.678580736658305,-0.728098804464066,-0.0969552204590886,15.2478974892297,0.0300852006293586,-0.104335682621787,0.99408699118082,0.01,-0.73390943892238,-0.677485200037495,-0.0488951857629419,-20.8078635144239
0.344013048351031,0.938092277004582,-0.0404710067652012,24.3578243795628,0.171717140495322,-0.0204795316266292,0.984933405081005,0.01,0.923129593407307,-0.345779508659365,-0.16813174943165,-18.6372317249897
0.977162555512913,-0.198519632250542,0.0757845347982183,24.639050177708,-0.0602798139886635,0.0830217066304386,0.994722946479904,0.01,-0.203763794941508,-0.976574294070491,0.0691589765088823,-20.4081806179388
0.0690442534396796,-0.992352174016118,-0.102323280793971,28.1916618627444,0.145237796013791,-0.0914764506651653,0.985158891541238,0.01,-0.986984738319703,-0.0828807679693437,0.137811119380107,-22.9879756616059
-0.75643389986472,0.65254260408759,-0.0446755524424381,27.9731189310342,-0.106679721848767,-0.0556979719418239,0.992732175799615,0.01,0.645311701491396,0.755702246769291,0.111744897629044,-21.9620045178122
-0.121759469536335,-0.988788732896359,0.0864376843479948,29.8634537651681,-0.14307204540169,0.103660449741586,0.984268713809369,0.01,-0.982193983591229,0.107477220175186,-0.154089667858061,-26.8632899326831
0.969948064539392,0.18082917327385,-0.162793004116836,14.0613612661674,0.129313316368216,0.183635779727304,0.974451623536951,0.01,0.206103901724693,-0.966218769480826,0.154733549034516,-22.2725835686572
0.150734334141385,0.987540327880463,-0.0452024481715471,13.795345881753,0.067456943835386,0.0353434700418829,0.997095983270311,0.01,0.986270105619826,-0.15334581812083,-0.0612889780100019,-21.5858455491248
-0.976690718383513,0.142502933816534,-0.160524622650791,18.1380813620741,-0.143786251204933,0.120920447150329,0.982193341163234,0.01,0.159376141840396,0.982380353689265,-0.0976119157553258,-18.4076688013895
-0.473382573986332,-0.874857317992746,-0.102633385409494,23.1252041016863,-0.0649450778054925,-0.081533760289997,0.994552352971834,0.01,-0.878459489968043,0.47746928601483,-0.0182210152728801,-18.4822816689045
-0.723774736388338,-0.687725930520283,0.0564196371488077,27.7268982238415,0.0433616926512426,0.0362721693032054,0.998400767900576,0.01,-0.688672559767275,0.725063703562694,0.00356808065184973,-22.1657091785261
0.612931978165044,0.787009844308665,0.0702132117477686,27.4868150929668,0.0521024784503381,-0.12892637713223,0.990284464696327,0.01,0.788415957399403,-0.603318733540414,-0.120028262826606,-23.0396127997595
0.0246127165904579,0.990266721045694,0.136989179760475,18.1858383330307,-0.0855416912954648,-0.134441928643694,0.987222359386615,0.01,0.996030538303093,-0.0360165102692355,0.0814001090642811,-19.0407861093076
-0.973414716572484,-0.21990653089551,-0.0640695499407774,28.7288301360464,-0.0689490883026321,0.0145780387278286,0.99751366106389,0.01,-0.218425760345128,0.975412014718064,-0.0293528322534719,-28.0788610257089
0.993948239038341,-0.0293738022780225,-0.10584931673049,24.2841631841217,0.100861063366469,-0.137712466609204,0.985323460817306,0.01,-0.0435194670137992,-0.990036593404577,-0.133916390746967,-19.9265785351104
0.451734002820956,-0.887145408924616,-0.0943896928659694,21.4513268790617,-0.093285224721919,-0.152189061497023,0.983939203614348,0.01,-0.887262225919675,-0.435673631270738,-0.151506532768166,-18.2499373262736
-0.614189716911386,-0.763866054959878,-0.198190922396421,22.7783563114252,-0.166869518845366,-0.119753787680894,0.978679515478073,0.01,-0.771314174199221,0.63416691841826,-0.0539144160986682,-19.4265714650788
-0.706099208194392,-0.690702647983429,-0.156056913515333,16.0301405767885,-0.0482754802492529,-0.172916842841719,0.983752633271371,0.01,-0.706465417549901,0.702160677858232,0.0887524437731811,-35.5716794956884
0.78870207331881,0.614278185576786,0.0247254983185766,16.8326891209456,-0.034897343062056,0.00458005560278209,0.999380407321399,0.01,0.613784339153273,-0.789076253485787,0.0250489759274401,-36.5252687272725
0.323254117266693,-0.941839073348542,0.0919017713871203,11.9726774871311,-0.0873300912075595,0.0670108913515801,0.993923033041264,0.01,-0.942273968036797,-0.329315502754161,-0.0605893456472622,-25.4442307134117
0.365118178573766,-0.923647362903465,-0.116465723182621,12.0100176450775,0.0272233088043041,-0.114456202263183,0.993055219623378,0.01,-0.930563059191972,-0.365753095359376,-0.0166453027102019,-22.8840251542486
-0.92410896563092,0.381205192096539,-0.0265560004366521,11.8956720502768,0.0293305739571153,0.140048950887096,0.989710062991566,0.01,0.381001754683488,0.913821039850837,-0.140601458221593,-31.585519679312
-0.943034576722507,0.320199078409424,0.0903235146102961,29.4527809323972,0.14276626223853,0.144253505026491,0.979187786205491,0.01,0.300505543163916,0.936303090069304,-0.181749668650131,-31.0711371775709
-0.873915309957398,0.484563302560083,-0.0383462753619038,22.2006360675362,-0.0353495472384788,0.0153236811506403,0.999257521515864,0.01,0.484791130830691,0.874621970115123,0.00373749379143084,-37.0749445513292
0.8656494723094,0.500640824665652,-0.00312342257016945,16.5849211643265,-0.0265176588300175,0.0520794153151648,0.998290813476016,0.01,0.499947802136014,-0.864087090042738,0.0583583409706169,-35.653629975961
0.919449796032286,0.379016811429622,0.10468203871682,18.9935758281548,-0.132007251175588,0.046762117643301,0.990145135821299,0.01,0.370386498421922,-0.924207531351718,0.0930283869553313,-37.1520743786116
-0.671037240418959,0.729143260420441,0.13438425411616,23.8517640044448,0.0119023823486683,-0.170634272943474,0.98526254277298,0.01,0.741328102303787,0.662747350564678,0.105823409764406,-36.8669168061709
0.019519548206236,-0.999599950535872,0.0204676849327729,12.981408133354,-0.00936062720796325,0.0202879763021506,0.999750357177149,0.01,-0.999765655489374,-0.0197062656595867,-0.008960870362628,-30.4627705346736
0.910564874136466,0.413253263945896,-0.00966177141651536,28.6323763901384,-0.0193732391451386,0.0660115089849295,0.997630772523862,0.01,0.412911961069024,-0.908220359009638,0.0681138156803535,-31.2200381596812
0.0236189328469739,-0.992968174728075,-0.116001508560733,28.5188677650943,-0.140459085932027,-0.11817893340905,0.983008130626313,0.01,-0.989804723766415,-0.00692413716611537,-0.142262662474014,-33.0235129709043
0.776551491338131,-0.627234256163498,-0.0595396438983944,12.0258380696882,-0.0143057755735671,-0.112028134847596,0.993602054037635,0.01,-0.629891360542247,-0.770731396076216,-0.0959686876884585,-31.0559489363973
0.952480043181294,0.304483045811404,0.0084759751516051,11.0105955333055,0.0139993967833397,-0.0715559088053741,0.997338342191224,0.01,0.304279122239865,-0.949826208697384,-0.0724181540809331,-29.3506813471416
0.433404119478893,-0.8814992392613,-0.187403202748711,17.5474666003362,0.113907955520998,-0.15269782210823,0.981686483961366,0.01,-0.89397194972088,-0.446813681868799,0.0342299110004073,-35.286021066934
-0.898731149491816,-0.426405685892858,-0.102276644310226,23.9848517221552,-0.0738234637866628,-0.0827806035144762,0.993829697622444,0.01,-0.432241156216826,0.90073612269078,0.0429187622412529,-36.9808630032279
-0.86003670222649,0.497180739925986,0.114665525202792,11.8746915372586,0.0622698365860147,-0.120776260853325,0.990724766151448,0.01,0.506418145680952,0.85919986421143,0.072912653662635,-24.5278643967249
-0.810715745956025,-0.560299323870696,-0.169719318078427,11.88933293123,-0.114087501367152,-0.133138961178672,0.984509044675601,0.01,-0.574216005777239,0.817519837487938,0.0440147023496652,-31.1598773513596
-0.758387712667451,-0.629989245182949,-0.167217308400925,16.7348106953829,-0.0777568678270857,-0.167269571807132,0.982840149695351,0.01,-0.647149091617035,0.758376187192924,0.0778691974914986,-36.3793408677308
-0.992287776339856,-0.0920333168932493,0.0830351582652241,12.1652280969179,0.0911415140965883,-0.0876883000420256,0.991969750770617,0.01,-0.0840130545491917,0.99188740823612,0.0954000841087055,-23.5211068116387
0.0328188773347119,0.99940036083808,-0.0110381179195321,24.6077539359579,0.111180577191976,0.00732495665737221,0.993773225773983,0.01,0.99325817416508,-0.033841745916604,-0.110873512109826,-35.399132341276
0.665488703553204,-0.732044014006948,-0.14572696044202,15.8192271875106,0.052484316635391,-0.148860537499813,0.98746439777978,0.01,-0.744560395099277,-0.664794781817563,-0.0606441762888003,-35.4672952926659
-0.321048993954985,0.947062083591318,0.000976372963201833,11.3669138120202,-0.00407934145716015,-0.00241381267947381,0.999988766177713,0.01,0.947053801245614,0.321041404388935,0.00463834175243939,-28.7480635404175
-0.874847298321359,0.484387324278821,-0.00333537071752116,28.734806861043,0.0614754379761881,0.11785484680679,0.991126130020687,0.01,0.4804820237485,0.86687897376863,-0.132882917233153,-30.4076566796584
-0.813245772781844,0.573039681091335,0.101276043303455,25.3491919572623,0.0210318432481062,-0.144980048469759,0.989211022540334,0.01,0.581540174555506,0.806601704337679,0.105852330808081,-36.0675782803778
0.991320952920803,0.0547890484083315,0.119502838772563,12.9129538023164,-0.12702126015639,0.164864315996512,0.978102937721427,0.01,0.0338875754292704,-0.984793337449798,0.170392824807894,-23.8884465734228
-0.962197701804731,-0.2598050574035,-0.0817123906715375,17.2762092364453,-0.0681925109768261,-0.0606482949562361,0.99582707623642,0.01,-0.263676627876589,0.96375469724742,0.0406388907964427,-35.7017530897516
-0.880354723255601,0.464161547425682,-0.0976197681463674,29.6973635807146,-0.0950815088282715,0.0289360088606639,0.995048850092374,0.01,0.464688140499081,0.885277789895698,0.0186592281966478,-16.6513654461642
0.0724880965429297,-0.99736915786269,-0.00048867561052288,30.8051467315421,0.178326087926212,0.0124785435770599,0.983892317438818,0.01,-0.981297754111623,-0.0714076249042414,0.178761486011444,-17.390801839887
-0.538701747177089,-0.831454448266026,0.13595561057562,27.9516576663623,0.075540695020008,0.113053817464738,0.990713095579413,0.01,-0.839103111056231,0.543969056854605,0.00190635790619862,-12.3410432202869
-0.139468749523149,-0.988559983639475,-0.057424965417228,35.4415262302298,-0.0308795567514762,-0.0536216239860642,0.998083751203239,0.01,-0.989744876663315,0.140974750178243,-0.0230477532722966,-18.7421202698719
-0.939283126339636,-0.333934908427557,-0.0789600247411246,29.3226295655682,-0.0684002265526596,-0.0432831273401359,0.996718606174884,0.01,-0.336256773286702,0.941601852069725,0.0178138877755129,-12.3083540340319
-0.393726886760839,0.918863027797253,0.0258819394343256,35.4919938149406,0.0975158115556042,0.0137544673273801,0.995138925540144,0.01,0.914040373910403,0.394336849376018,-0.0950191774639519,-17.0567705715826
0.437969182020004,-0.890084270179371,-0.126225938617965,29.7864441824061,0.0577537706993411,-0.112260867289133,0.991998991756292,0.01,-0.897132931939708,-0.441755010899422,0.00223892262355192,-13.7234453175712
-0.614501957726441,-0.788082210694085,0.0362460085788207,29.1718251548151,-0.0439433441010403,0.0800649863070696,0.995820556363879,0.01,-0.787690501694409,0.610340910602569,-0.0838310585954736,-10.554882566657
-0.98147011766661,-0.185776677217484,0.0469407533974661,29.261844482606,0.0348426523510489,0.0678608087474993,0.997086205006006,0.01,-0.188420799554175,0.980245855302723,-0.0601304037671377,-14.4271424266294
0.193970428043682,0.96524317411557,-0.175160177745545,31.777602464635,0.0991155787775459,0.158354895575389,0.982394945574793,0.01,0.975987487157567,-0.207916670497119,-0.0649544689859694,-17.2872530872675
0.48186771791013,-0.872671244549846,0.0790468302457937,36.9924256479397,-0.0329641677056123,0.072093245822189,0.996853012010446,0.01,-0.875623701188793,-0.482956998958132,0.00597252658386569,-16.6995785820036
0.961650272285788,0.234285225482771,0.142615521361305,28.9435791988615,-0.137548767359753,-0.0379137337221748,0.989769107111884,0.01,0.23729536533713,-0.971428320523821,-0.00423410838154319,-10.8650841954586
0.859097142587067,0.473164796106131,0.195108111888206,29.7286393188633,-0.146309988737969,-0.138259691107306,0.979529297678435,0.01,0.490454367698191,-0.870057086368909,-0.0495497695757657,-16.5748340511335
-0.200334989448431,0.973824928921222,0.107382027426726,29.3925966547651,-0.0724146829567259,-0.124022345914795,0.989633554102764,0.01,0.977047596432729,0.190482192147634,0.0953652388433967,-14.5452971126935
0.879579756144397,0.475744664431969,-0.00254299930703215,31.4750597715205,0.0349437086382483,-0.0592729848373353,0.997630016837444,0.01,0.474466426428222,-0.877584028759062,-0.0687596004892858,-16.4011348169096
-0.68726423172762,-0.717854482477018,-0.111143230902726,35.0205327961353,-0.0498458985536252,-0.106038703107844,0.993111866730324,0.01,-0.724695289197622,0.688070298320498,0.0370945061149909,-17.7042232057684
0.989202141662555,0.140347527759819,-0.0422101217946688,33.0743029107041,0.0659479667079868,-0.169055577344997,0.983397720892026,0.01,0.130881582422036,-0.975562803319323,-0.176485773257924,-17.8459752557218
0.510366920956844,0.855964144061719,-0.0827707078241965,31.5548449095468,0.0343887885200905,0.075858566896652,0.996525408131928,0.01,0.859268885283967,-0.51143998857058,0.00928013328432436,-18.1203125554115
-0.739286514396955,0.67131072239446,0.0528901089905194,28.1298442319836,0.0520945730293252,-0.0212918851034842,0.998415149669531,0.01,0.671372925497962,0.740870143565638,-0.0192308419300519,-13.2299867580156
0.99238746781497,0.0364737198421604,0.117629849462915,30.432511092252,-0.120914087449912,0.107188611543344,0.986858847562084,0.01,0.0233858328897544,-0.993569458727615,0.11078282133872,-15.2310748130475
-0.111411180633736,0.983910203072692,0.139671976857388,28.3165094866565,-0.0746214823827649,-0.148432890996786,0.986103093615133,0.01,0.990968810405653,0.099440379925812,0.0899579215156421,-10.8613907686311
0.898456485039884,-0.422054105956667,-0.121021800246466,28.6915785086042,0.104181292975352,-0.0628365170679085,0.992571322533932,0.01,-0.426523390547061,-0.904390349223107,-0.01248573379286,-13.5087729892674
0.875913984427738,0.479394271714099,-0.0543674914965933,31.6605581807356,0.0195559504063679,0.0773162971875762,0.996814804762101,0.01,0.482070800492653,-0.874187235343156,0.0583474153280312,-16.1486681986487
-0.849626543803294,0.527383213011149,0.00129718884762449,30.9804773860826,0.011942068875722,0.0167798003146901,0.999787890150889,0.01,0.52724958326758,0.84946182076385,-0.0205546104007583,-16.9476503773362
-0.356255642265234,-0.91288020253195,0.199328004001973,35.5979509004586,0.075370354414273,0.18455432655472,0.979928063801318,0.01,-0.93134377489177,0.364128324049584,0.00305558426302706,-17.8331471355415
0.573431939858913,-0.80528502068635,0.150638128665454,32.4754785677534,-0.0669132577733907,0.137221125393883,0.988277784167887,0.01,-0.816516029410198,-0.576789734828752,0.0248027319540014,-13.9480966608453
-0.776441883338669,-0.629752260192399,-0.023454052529685,34.7832401342413,-0.134040132306282,0.128667608999333,0.982587344374895,0.01,-0.615768824096198,0.766065752515383,-0.184314996932495,-14.4525221401054
-0.996262413339745,0.02343450569856,0.0831386054076685,34.2255483643573,0.083288326200032,0.00548526091670096,0.996510394642963,0.01,0.0228966915790231,0.999710325972149,-0.00741658003362885,-14.1963975419751
0.354824951865222,0.929326093922297,0.102236317857056,32.6783006974948,0.0312614435346204,-0.121083543507572,0.992149937075935,0.01,0.93440996124933,-0.348843498788176,-0.072015537707146,-13.8499844478507
-0.0697441972581386,-0.992205327520161,0.103268267098015,33.7886057530035,-0.152822139849126,0.112925460276551,0.981780644539942,0.01,-0.985789602562713,0.0526918253805864,-0.159506836898328,-14.5016483818575
-0.964809738451474,0.203622478622382,-0.166373239401283,34.7729219974169,-0.168889346539529,0.00508305311907116,0.985621910874773,0.01,0.201540460490319,0.979036285727279,0.0294854882049474,-13.4958447535205
0.628173941324137,-0.764743076616703,-0.143406855512975,34.3951954416549,0.107313462005427,-0.0973940747647949,0.989443386492183,0.01,-0.770636957531696,-0.636932037950306,0.0208868072898007,-13.9658248232704
0.905022359106228,0.403482289749953,0.134672088332855,35.2152783495806,-0.160455846150781,0.030615826299608,0.98656808818045,0.01,0.393939653949478,-0.914475102470333,0.092449099552341,-14.7051073924757
0.73598906794855,-0.676887163993785,-0.0119941269242701,34.4081228900493,0.104992455823089,0.0966215628995516,0.989768082837128,0.01,-0.668802419314151,-0.729717781613754,0.142180459685007,-10.0594592570375
0.980761684071155,0.0684973673063856,0.18279668960352,33.7253771824136,-0.179114901742127,-0.0565580873520638,0.982201117250935,0.01,0.0776168218353436,-0.996046832948717,-0.0432011057845759,-9.41933249302072
-0.938170527188297,0.34617341845212,0.000162087651026419,37.2239047854755,-0.0215071044985332,-0.0587540826866043,0.998040781843981,0.01,0.345504712516808,0.936328960421939,0.0625665366138206,-10.5691237802019
0.991336005913402,0.127662567775498,-0.0309061833397545,35.7103139503386,0.0376633022693107,-0.0508587462261,0.997995422632028,0.01,0.125834808546104,-0.990512825117007,-0.0552263002281502,-9.99261669075329
0.938492052166087,0.298151561862161,-0.174178971693604,36.0290158211514,0.18421220668508,-0.00565607450731733,0.982870221203889,0.01,0.29205912231824,-0.95450178364439,-0.0602313381088084,-9.2579153346633
0.16040242158324,-0.981703839506038,0.102609135311313,36.0461072999518,0.0322744447772548,0.10911598529975,0.993504938068445,0.01,-0.98652390917025,-0.156048945049838,0.0491864146312777,-5.99852975612787
-0.954135090587566,0.283977384069235,-0.0947790812714074,32.3507476338405,-0.0485242712900671,0.165706321453886,0.984980614086384,0.01,0.295417711055423,0.944403653300545,-0.144326420406517,-6.35905324768625
-0.378739466106498,-0.903113977280807,0.202340210668584,30.8637519248919,0.175971381398732,0.144369087535145,0.973751323230368,0.01,-0.908620101990919,0.404404142664626,0.104243943007264,-7.0945754899036
-0.203324112414586,-0.97859804859382,0.0317043309216272,40.612799826146,0.0367283062524464,0.0247348569729854,0.999019128130364,0.01,-0.978422371387044,0.204289123887919,0.0309130559870662,-15.4763481581985
0.985205237688279,-0.167644068355973,-0.0355823829533623,39.2961929376072,0.0262652832411351,-0.0574704619816307,0.998001643734058,0.01,-0.169353991768262,-0.98417102799497,-0.0522169812176018,-7.84413554799113
-0.390304930517539,-0.897637513090869,-0.204716770944001,38.5555613238335,-0.153542468123443,-0.155777096012195,0.975785943145611,0.01,-0.907792251396905,0.412286783016442,-0.0770249106048979,-15.019199964543
0.471001216108049,0.861337696694422,0.190408053080448,40.8568734272067,-0.152245228070762,-0.133237940820068,0.979320704190262,0.01,0.868895416580396,-0.490249960101147,0.0683793219212032,-9.75540637164059
0.58261346282352,0.803280457251789,-0.123701495278526,40.5948938408788,-0.00349036854548155,0.154672771042083,0.987959589874798,0.01,0.812741884157697,-0.575166793978512,0.092918183582529,-10.878162379855
0.775345693322855,-0.601769357806061,0.191605573643834,33.0309230576477,-0.117839557151869,0.160213404178593,0.980023215996314,0.01,-0.620445722538203,-0.782435495825175,0.0533085383110353,-5.77096915007482
0.921639196986879,0.385159419649877,0.0472589889053013,36.9789917065752,-0.110071262700089,0.14269616360359,0.983627023835979,0.01,0.37210953724003,-0.911751076965521,0.173909361298416,-7.09078033010633
0.377287709456477,-0.919278806008765,0.112162654730463,38.4314860080868,0.0321718528435601,0.134050502282394,0.990452136512638,0.01,-0.925537117666114,-0.370076937488595,0.0801505094267322,-8.48284814222743
0.70906326018883,-0.700069949453138,-0.084447373689586,33.7470734111479,0.0245223905038566,-0.0952052694383737,0.995155570267857,0.01,-0.704718344740907,-0.707699104523842,-0.0503391700546243,-6.43762481854378
-0.53216539125931,0.842887847309952,-0.0796245766269445,40.7429510815406,0.0324075467706073,0.114258609807054,0.99292231367679,0.01,0.846019944952917,0.525818454356781,-0.0881204051267894,-15.0714185408199
-0.803995228556692,-0.583753916366789,0.113238851921543,39.4641133373303,0.0408877696552439,0.135711397061973,0.989904342348344,0.01,-0.593228339470302,0.800508452069011,-0.0852429200308372,-7.46221840459117
0.62832324711951,0.77323234191077,0.0855665971765878,41.4232628302438,-0.0404168759427968,-0.0773958135148894,0.996180889291394,0.01,0.776901778391721,-0.629381945620904,-0.0173779532231656,-11.3752169484091
0.900298442519315,-0.429460569548931,-0.0708966402589285,33.7692721079106,0.112721836986654,0.072713043582141,0.990962461831616,0.01,-0.420424192766842,-0.900153560508278,0.113873024200731,-5.15103150872038
-0.855490898521842,0.516882582147828,-0.0311081792859106,40.5900676992855,-0.026219210523028,0.0167597407703971,0.999515714778341,0.01,0.517153628572632,0.85589222882411,-0.000785552453639931,-14.6232199542191
0.967333237228906,0.250385597048594,-0.0396668746294087,34.0240299106518,-0.0018754693880015,0.163535720657905,0.986535630721706,0.01,0.253501263836733,-0.954234311298603,0.158663128589035,-5.62443792848447
0.492311404146179,-0.868897338876604,0.0514479916106889,38.0067796311556,0.00759928610968806,0.0633955555776584,0.997959545464456,0.01,-0.870385967372086,-0.49091589710067,0.037813354461134,-7.4380208026862
0.964962546842026,-0.262369381283735,-0.00309692701581683,34.4361058205028,-0.00438226285101241,-0.0279164045755405,0.999600655325855,0.01,-0.262351060536175,-0.964563622639982,-0.0280880564507288,-5.56378698318863
0.489389726160637,-0.871398354656432,-0.0340969709868904,30.6798194798476,0.154213155959012,0.0479929892425597,0.98687130645932,0.01,-0.858321617144517,-0.488222879928448,0.157868366232105,-7.5387787501484
0.372417470482932,-0.925592755167916,-0.0676999206776631,40.4939409094137,-0.109758520755501,-0.116362379407918,0.987123530152175,0.01,-0.921552111820411,-0.36019140500461,-0.144927074627711,-14.0302759809496
-0.961371530149792,0.27162347541362,0.0445585976179012,32.2144013655038,0.0742380582670791,0.0999863055349126,0.992215424900365,0.01,0.265053752514808,0.957195605040948,-0.116288786940586,-5.47371752569308
0.27873355234655,-0.942735339534573,-0.183187571600547,36.8279002743825,0.162586888552468,-0.141671617487899,0.976470509779578,0.01,-0.946505737154879,-0.301958991240524,0.113787772374297,-6.69942481919345
-0.697308074993956,0.715563431189531,-0.0415983712720694,41.0940405549447,0.126231648155054,0.179725584741781,0.975584073872305,0.01,0.705568578915106,0.67503162158042,-0.215650852801994,-9.78050811503036
0.413224561643188,-0.900056258073664,0.138362545355412,40.5385927039965,-0.0916253663422049,0.110075679673888,0.989690930031688,0.01,-0.906007866355172,-0.421642119630813,-0.0369820098937751,-8.76443106378409
0.644702849117656,-0.764133924039762,-0.021391177414341,38.3020026095293,0.150229169308525,0.0992123414732317,0.983660565433153,0.01,-0.74952613898946,-0.637382347912926,0.178757683864383,-7.68469618636556
0.994930310231491,0.0677703337333725,0.0743024874976311,38.1088349898723,-0.0853434118621662,0.178132959901618,0.980298500788619,0.01,0.0531994345307634,-0.98166991930198,0.183013632561214,-22.2920841183203
0.0935830879931398,-0.987413999447108,0.127498232683971,35.988250981932,0.113258946491042,0.137787109263054,0.983965001186867,0.01,-0.989148430055574,-0.0776421677749841,0.124728012498371,-26.0424683018468
0.990902158647106,0.0913340646505481,-0.0988483718779137,37.88090356567,0.0949106034875761,0.0465060857418132,0.994398894475753,0.01,0.0954195437744749,-0.994733769721017,0.0374144095568333,-21.662540556977
0.360050224462576,0.925991463956598,0.113594209993139,37.2138681366739,0.151771082373184,-0.178276057684794,0.972205320810188,0.01,0.920504956216815,-0.332802427779434,-0.204727061338736,-22.2322109631441
-0.730255378805744,-0.662323600994977,0.167494863474456,37.5872004109577,0.173904415305271,0.056879542109988,0.983118493380472,0.01,-0.660669611880712,0.747055664093651,0.0736444070040865,-23.6956459115789
0.0591409392622417,-0.986983960488358,0.149549359884604,37.1526710239243,-0.164370190695253,0.138138599019412,0.976678129104855,0.01,-0.984624187044979,-0.0823431187147354,-0.154061095304249,-24.4615903696166
0.94671719303031,-0.321931880825364,-0.00929626425262898,37.0952364136061,-0.0474192391114515,-0.167881245422104,0.984666087157273,0.01,-0.318556073843997,-0.931759492328233,-0.174201826262904,-22.6562728944347
0.992283597193384,0.0288513513732693,-0.120585497738713,38.0605707888062,0.120115558056174,0.017508111779668,0.992605520201638,0.01,0.0307492350118006,-0.999430370534059,0.0139075159659179,-32.1620979332253
0.423164260490579,0.904308023370836,-0.0562050487998428,35.2371922579765,0.149239134123839,-0.00838104723240439,0.988765613729186,0.01,0.893677620559801,-0.426798262548501,-0.138504706043341,-26.6012147761888
0.479337066265411,-0.8720723335771,-0.0986195817952055,38.6960558192439,0.114180326063789,-0.0494480934426867,0.992228672834468,0.01,-0.870171724456751,-0.486872397106547,0.0758711993558076,-22.6499155000311
-0.162361882223496,0.976929795000151,-0.138732818185914,39.8335155631382,-0.137338775329455,0.116855880516254,0.983607017044804,0.01,0.977126747147907,0.17875368200329,0.115197400918673,-32.5050575133585
-0.950008120713413,-0.287569991330315,0.121606211456704,35.9111222911941,0.153445847601001,-0.0908209629518434,0.983974554824722,0.01,-0.271917160974773,0.953443785849372,0.130407073399556,-24.8547832498072
0.317041293514228,-0.931337288688094,0.179152652522744,36.2248921627929,-0.170089207597216,0.13000004450528,0.976816077819963,0.01,-0.933035090264978,-0.340162965544069,-0.117195039171836,-26.4338936117884
-0.323726301137346,0.94455891537575,-0.0548610730492869,39.1196428488576,0.109789577572572,0.0950931420127181,0.989395544258506,0.01,0.93975929397286,0.314270185869318,-0.134486875438815,-31.4255791362955
-0.191378668315276,-0.960734857953629,0.200904798416293,36.7036571282709,0.173567312340413,0.168336306958854,0.970328437100748,0.01,-0.966047925002066,0.220570670018193,0.134536188911863,-24.3282087664295
0.936609182633538,0.34891344855093,0.0319788121548185,39.8981047282858,0.0351792031694209,-0.184455791675355,0.982211018356943,0.01,0.348605310732496,-0.91882286994704,-0.185037485368193,-33.5407522663587
0.976292323330911,-0.214193248162937,0.0312178129686049,35.7905097224295,-0.0327449739974124,-0.00358459162204052,0.999457311434967,0.01,-0.213965104825626,-0.976784727124822,-0.0105133616243911,-25.5967296379183
-0.792778935193933,-0.580074987021791,-0.187121803498264,40.3481068231015,-0.148054112904418,-0.114537141702716,0.982324397957547,0.01,-0.591254208919361,0.806470242849816,0.0049201456176826,-32.3153508239567
-0.832448958908845,-0.509915026727611,-0.21683033996413,36.2228767439375,-0.146017200331109,-0.175612993623332,0.973570261295052,0.01,-0.534516330918939,0.842108509628083,0.0717324891030798,-30.9232893705187
0.180834715855039,-0.98315272281877,-0.0266369884871963,40.2786646152257,0.0224787397063984,-0.0229448654438496,0.999483986570558,0.01,-0.983256584927271,-0.181340168643915,0.0179508059250093,-33.0399410789846
